[gd_resource type="Skin" format=2]

[resource]
resource_name = "Skin"
bind_count = 66
bind/0/name = ""
bind/0/bone = 0
bind/0/pose = Transform( -1, -4.76837e-07, -5.68434e-14, -5.68434e-14, -2.71051e-20, 1, -4.76837e-07, 1, -2.71051e-20, 0, 0, 0 )
bind/1/name = ""
bind/1/bone = 1
bind/1/pose = Transform( -1, -4.09275e-27, 1.50996e-07, -3.43325e-20, 1, -2.27374e-13, -1.50996e-07, 2.71051e-20, -1, -5.26441e-06, -1.19211e-07, 34.8646 )
bind/2/name = ""
bind/2/bone = 2
bind/2/pose = Transform( 1, -4.76837e-07, -8.74227e-08, 4.76837e-07, 1, 9.09495e-13, 8.74227e-08, -4.16865e-14, 1, 13.9494, 6.00001, -6.71784 )
bind/3/name = ""
bind/3/bone = 3
bind/3/pose = Transform( 1, -4.76837e-07, -8.74227e-08, 4.76837e-07, 1, 9.09495e-13, 8.74227e-08, -4.16865e-14, 1, -13.9494, 5.99999, -6.71785 )
bind/4/name = ""
bind/4/bone = 4
bind/4/pose = Transform( -1, 6.51683e-07, 1.36035e-13, 0, -2.08745e-07, 1, 6.51683e-07, 1, 2.08745e-07, -1.3453e-13, 2.48843e-14, -1.19209e-07 )
bind/5/name = ""
bind/5/bone = 5
bind/5/pose = Transform( 0.00183284, -0.999797, -0.0190894, -0.0642201, -0.0191667, 0.997752, -0.997932, -0.000591086, -0.0642435, -5.92878, 1.34731, -5.85865 )
bind/6/name = ""
bind/6/bone = 6
bind/6/pose = Transform( -0.0021084, -0.999953, 0.00712168, -0.00809153, 0.00713834, 0.999942, -0.999963, 0.00206233, -0.00810634, -6.1287, -6.6517, -6.22834 )
bind/7/name = ""
bind/7/bone = 7
bind/7/pose = Transform( 4.395e-05, -0.99998, -4.511e-10, -2.79338e-08, -1.32961e-07, 1, -0.999998, -3.22317e-05, -1.454e-14, -6.00374, -15.6449, -6.36796 )
bind/8/name = ""
bind/8/bone = 8
bind/8/pose = Transform( 0.0104925, -0.996852, 0.0783343, 0.156559, 0.0790067, 0.984503, -0.987611, 0.00194553, 0.156898, -7.1298, -16.9694, -9.17345 )
bind/9/name = ""
bind/9/bone = 9
bind/9/pose = Transform( -0.0816035, -0.996232, 0.0286516, 0.404466, -0.00683362, 0.914527, -0.910903, 0.0862263, 0.403509, -6.71276, -15.6051, -13.093 )
bind/10/name = ""
bind/10/bone = 10
bind/10/pose = Transform( -0.0911739, -0.995165, 0.0359717, 0.558048, -0.0211477, 0.829539, -0.824783, 0.0957141, 0.55729, -6.91235, -13.7985, -15.6765 )
bind/11/name = ""
bind/11/bone = 11
bind/11/pose = Transform( 0.120337, -0.992641, 0.0121261, 0.185466, 0.034477, 0.982045, -0.975253, -0.115914, 0.188254, -5.78567, -16.8432, -10.4324 )
bind/12/name = ""
bind/12/bone = 12
bind/12/pose = Transform( 0.0807533, -0.996155, -0.0334084, 0.46998, 0.00849185, 0.882636, -0.878973, -0.0869653, 0.468869, -5.15911, -14.3543, -15.157 )
bind/13/name = ""
bind/13/bone = 13
bind/13/pose = Transform( 0.030661, -0.995476, -0.0897193, 0.661426, -0.0470966, 0.74853, -0.749381, -0.0822832, 0.657003, -4.30793, -11.5814, -18.1769 )
bind/14/name = ""
bind/14/bone = 14
bind/14/pose = Transform( -0.155005, -0.984729, 0.0789966, 0.0651661, 0.0695947, 0.995444, -0.98576, 0.159455, 0.0533845, -7.44204, -17.8275, -6.3395 )
bind/15/name = ""
bind/15/bone = 15
bind/15/pose = Transform( -0.162904, -0.985917, 0.037251, 0.391116, -0.029873, 0.919856, -0.905807, 0.164425, 0.390483, -6.67365, -15.8717, -12.4676 )
bind/16/name = ""
bind/16/bone = 16
bind/16/pose = Transform( -0.179696, -0.983131, 0.0334726, 0.422621, -0.0464335, 0.905116, -0.888311, 0.176799, 0.423845, -6.68282, -16.0669, -12.9776 )
bind/17/name = ""
bind/17/bone = 17
bind/17/pose = Transform( 0.144248, -0.987652, -0.060833, 0.260736, -0.02137, 0.965173, -0.954571, -0.155071, 0.25444, -4.8336, -16.2695, -11.775 )
bind/18/name = ""
bind/18/bone = 18
bind/18/pose = Transform( -0.0864518, 0.994615, 0.0568378, 0.398287, -0.0177924, 0.917088, 0.913176, 0.101909, -0.394612, 5.31147, -15.2268, 13.8322 )
bind/19/name = ""
bind/19/bone = 19
bind/19/pose = Transform( 0.105878, -0.983376, -0.147397, 0.687692, -0.0346604, 0.725175, -0.718239, -0.178132, 0.672604, -3.34151, -10.4233, -18.6713 )
bind/20/name = ""
bind/20/bone = 20
bind/20/pose = Transform( -0.10006, -0.694836, 0.71216, 0.575614, 0.543374, 0.611059, -0.811575, 0.471072, 0.345594, -15.908, -4.22601, -8.02204 )
bind/21/name = ""
bind/21/bone = 21
bind/21/pose = Transform( -0.112308, -0.955141, 0.273959, 0.331836, 0.223815, 0.916399, -0.936626, 0.193836, 0.29182, -9.56339, -13.1299, -8.96913 )
bind/22/name = ""
bind/22/bone = 22
bind/22/pose = Transform( -0.181469, -0.972935, 0.142916, 0.311555, 0.0809555, 0.946773, -0.932737, 0.216343, 0.288438, -7.59474, -15.3293, -8.79355 )
bind/23/name = ""
bind/23/bone = 23
bind/23/pose = Transform( -0.00085536, -0.999941, 0.00877168, -0.00994888, 0.00877957, 0.999912, -0.999948, 0.000779722, -0.00995599, -6.13171, -6.65323, -6.22373 )
bind/24/name = ""
bind/24/bone = 24
bind/24/pose = Transform( -0.00085517, -0.999941, 0.00877175, -0.00994888, 0.00877964, 0.999912, -0.999948, 0.00077953, -0.00995599, -6.14842, -10.5319, -6.20474 )
bind/25/name = ""
bind/25/bone = 25
bind/25/pose = Transform( -0.000399173, -0.999942, 0.00877629, -0.00994417, 0.00877964, 0.999912, -0.999949, 0.000323578, -0.00994728, -6.14558, -12.3583, -6.20761 )
bind/26/name = ""
bind/26/bone = 26
bind/26/pose = Transform( -0.0010157, -0.999941, 0.00876551, -0.00994424, 0.008775, 0.999912, -0.999948, 0.000940147, -0.00995276, -6.14932, -13.9786, -6.20383 )
bind/27/name = ""
bind/27/bone = 27
bind/27/pose = Transform( 0.00144095, -0.999793, -0.0193, 0.0642209, -0.0191694, 0.997751, -0.997933, -0.00268894, 0.0641805, -5.94797, 1.34729, 5.83917 )
bind/28/name = ""
bind/28/bone = 28
bind/28/pose = Transform( -0.000647459, -0.999955, 0.00714399, 0.00809233, 0.0071356, 0.999942, -0.999965, 0.00069354, 0.00808667, -6.11151, -6.65172, 6.2452 )
bind/29/name = ""
bind/29/bone = 29
bind/29/pose = Transform( -3.99983e-05, -0.99998, 1.52792e-10, 8.40868e-07, -2.87296e-06, 1, -0.999998, 2.83411e-05, -4.33037e-15, -6.00377, -15.6449, 6.36794 )
bind/30/name = ""
bind/30/bone = 30
bind/30/pose = Transform( 0.0104938, -0.996586, 0.0816503, -0.156558, 0.0790041, 0.984503, -0.987611, -0.0231248, -0.155199, -7.3231, -16.9694, 9.0199 )
bind/31/name = ""
bind/31/bone = 31
bind/31/pose = Transform( 0.156934, -0.985637, 0.0620473, -0.404466, -0.00683611, 0.914527, -0.900986, -0.168623, -0.399738, -7.77643, -15.6051, 12.4906 )
bind/32/name = ""
bind/32/bone = 32
bind/32/pose = Transform( 0.125397, -0.990323, 0.0591179, -0.558048, -0.02115, 0.829538, -0.820277, -0.137018, -0.555312, -7.55835, -13.7986, 15.3755 )
bind/33/name = ""
bind/33/bone = 33
bind/33/pose = Transform( 0.120334, -0.991045, 0.0575227, -0.185465, 0.0344743, 0.982045, -0.975253, -0.128851, -0.17966, -8.14801, -16.8433, 8.71309 )
bind/34/name = ""
bind/34/bone = 34
bind/34/pose = Transform( 0.0807547, -0.995326, 0.0525826, -0.469979, 0.00848947, 0.882635, -0.878974, -0.095997, -0.467107, -7.83448, -14.3543, 13.9633 )
bind/35/name = ""
bind/35/bone = 35
bind/35/pose = Transform( 0.095858, -0.995129, 0.0220991, -0.661426, -0.0470987, 0.748529, -0.743858, -0.0863746, -0.662733, -7.30476, -11.5814, 17.193 )
bind/36/name = ""
bind/36/bone = 36
bind/36/pose = Transform( 0.105424, -0.991481, 0.076223, -0.0651653, 0.0695921, 0.995444, -0.992288, -0.10992, -0.0572752, -7.11509, -17.8275, 6.70439 )
bind/37/name = ""
bind/37/bone = 37
bind/37/pose = Transform( 0.156724, -0.987015, 0.034588, -0.391116, -0.0298755, 0.919856, -0.906897, -0.157698, -0.390728, -6.5885, -15.8717, 12.5128 )
bind/38/name = ""
bind/38/bone = 38
bind/38/pose = Transform( 0.134924, -0.99076, 0.0121758, -0.422621, -0.0464359, 0.905115, -0.896205, -0.127274, -0.424991, -6.02361, -16.0669, 13.2965 )
bind/39/name = ""
bind/39/bone = 39
bind/39/pose = Transform( 0.144244, -0.989374, 0.0170633, -0.260735, -0.0213726, 0.965173, -0.954572, -0.143677, -0.261053, -8.097, -16.2696, 9.82109 )
bind/40/name = ""
bind/40/bone = 40
bind/40/pose = Transform( -0.0864513, 0.996069, -0.0182252, -0.398286, -0.0177949, 0.917088, 0.913176, 0.0865502, 0.398268, 7.81287, -15.2268, -12.5897 )
bind/41/name = ""
bind/41/bone = 41
bind/41/pose = Transform( 0.105886, -0.992946, 0.052964, -0.687691, -0.0346623, 0.725174, -0.718238, -0.113213, -0.686525, -8.58727, -10.4233, 16.9128 )
bind/42/name = ""
bind/42/bone = 42
bind/42/pose = Transform( 0.194326, -0.634949, 0.747704, -0.575614, 0.543373, 0.611058, -0.794294, -0.549132, -0.259899, -16.7373, -4.22598, 6.10572 )
bind/43/name = ""
bind/43/bone = 43
bind/43/pose = Transform( -0.230916, 0.922597, -0.30896, -0.331836, 0.223813, 0.916399, 0.914636, 0.314139, 0.254474, 10.6298, -13.1299, -7.67539 )
bind/44/name = ""
bind/44/bone = 44
bind/44/pose = Transform( 0.235649, -0.958635, 0.159523, -0.311555, 0.0809529, 0.946772, -0.920543, -0.272812, -0.279597, -8.09549, -15.3293, 8.33486 )
bind/45/name = ""
bind/45/bone = 45
bind/45/pose = Transform( 0.000142753, -0.999942, 0.00877879, 0.00994965, 0.00877685, 0.999912, -0.999949, -6.70785e-05, 0.0099497, -6.12727, -6.65325, 6.2281 )
bind/46/name = ""
bind/46/bone = 46
bind/46/pose = Transform( 0.000142858, -0.999942, 0.00877883, 0.00994969, 0.00877689, 0.999912, -0.999949, -6.71827e-05, 0.00994973, -6.144, -10.532, 6.20912 )
bind/47/name = ""
bind/47/bone = 47
bind/47/pose = Transform( -0.000319772, -0.999942, 0.00878343, 0.00994498, 0.00877688, 0.999912, -0.999949, 0.000395403, 0.00994096, -6.14111, -12.3584, 6.21203 )
bind/48/name = ""
bind/48/bone = 48
bind/48/pose = Transform( 0.000265945, -0.999942, 0.008773, 0.00994509, 0.00877228, 0.999912, -0.999949, -0.000190355, 0.00994621, -6.14467, -13.9786, 6.20844 )
bind/49/name = ""
bind/49/bone = 49
bind/49/pose = Transform( 5.71168e-05, -0.999945, 0.00838862, 0.00998752, 0.00838585, 0.999915, -0.999948, 1.49843e-05, 0.00998682, -6.13217, -15.0453, 6.21516 )
bind/50/name = ""
bind/50/bone = 50
bind/50/pose = Transform( 1, 1.90735e-06, -1.90735e-06, -1.90735e-06, 1, 3.63798e-12, 1.90735e-06, 3.63798e-12, 1, 3.68645, 3.70483, -7.53785 )
bind/51/name = ""
bind/51/bone = 51
bind/51/pose = Transform( 4.22647e-05, -1, -4.07693e-12, 1.0873e-08, -4.77152e-15, 1, -1, -4.22647e-05, 1.08765e-08, -6.00387, -15.6449, -6.36803 )
bind/52/name = ""
bind/52/bone = 52
bind/52/pose = Transform( -2.62274e-05, -1, -8.18258e-12, -1.61534e-07, -3.08191e-13, 1, -1, 2.62274e-05, -1.6153e-07, -6.00397, -15.6449, 6.36794 )
bind/53/name = ""
bind/53/bone = 53
bind/53/pose = Transform( 1, 0, 0, 0, 1, 0, 0, 3.63798e-12, 1, 5.38643, 3.26484, -19.5379 )
bind/54/name = ""
bind/54/bone = 54
bind/54/pose = Transform( 1, 0, 0, 0, 1, 0, 0, 3.63798e-12, 1, 5.38643, 6.08982, -26.8824 )
bind/55/name = ""
bind/55/bone = 55
bind/55/pose = Transform( 1, -8.67362e-19, -2.38419e-07, 0, 1, 0, 2.38419e-07, 3.63798e-12, 1, 5.38644, 1.07818, -20.0294 )
bind/56/name = ""
bind/56/bone = 56
bind/56/pose = Transform( 1, -8.67362e-19, -2.38419e-07, 0, 1, 0, 2.38419e-07, 3.63798e-12, 1, 4.9319, 4.13356, -18.9041 )
bind/57/name = ""
bind/57/bone = 57
bind/57/pose = Transform( 1, -8.67362e-19, -2.38419e-07, 0, 1, 0, 2.38419e-07, 3.63798e-12, 1, 4.90468, 3.68146, -20.9924 )
bind/58/name = ""
bind/58/bone = 58
bind/58/pose = Transform( 1, -8.67362e-19, -2.38419e-07, 0, 1, 0, 2.38419e-07, 3.63798e-12, 1, 5.05702, 4.2635, -21.4413 )
bind/59/name = ""
bind/59/bone = 59
bind/59/pose = Transform( 1, 0, 0, 0, 1, 0, 0, 3.63798e-12, 1, 5.80255, 2.92165, -21.999 )
bind/60/name = ""
bind/60/bone = 60
bind/60/pose = Transform( 1, 0, 0, 0, 1, 0, 0, 3.63798e-12, 1, 5.99386, 3.26808, -21.999 )
bind/61/name = ""
bind/61/bone = 61
bind/61/pose = Transform( 1, -8.67362e-19, -2.38419e-07, 0, 1, 0, 2.38419e-07, 3.63798e-12, 1, 5.38644, 2.28866, -17.6576 )
bind/62/name = ""
bind/62/bone = 62
bind/62/pose = Transform( 1, 0, 0, 0, 1, 0, 0, 3.63798e-12, 1, 5.38643, 3.26484, -27.9539 )
bind/63/name = ""
bind/63/bone = 63
bind/63/pose = Transform( 1, -4.14361e-08, 3.27483e-21, 4.14361e-08, 1, -7.90331e-14, 1.54019e-19, 3.71701e-12, 1, 5.38643, 6.80168, -22.3811 )
bind/64/name = ""
bind/64/bone = 64
bind/64/pose = Transform( 1, -3.5536e-15, -2.38419e-07, 3.55271e-15, 1, -7.90331e-14, 2.38419e-07, 3.71701e-12, 1, 5.38644, 3.2359, -22.2952 )
bind/65/name = ""
bind/65/bone = 65
bind/65/pose = Transform( 1, -3.5536e-15, -2.38419e-07, 3.55271e-15, 1, -7.90331e-14, 2.38419e-07, 3.71701e-12, 1, 5.38644, 3.53615, -22.2952 )
