[gd_scene load_steps=5 format=2]

[ext_resource path="res://Assets/Animations/Weapons/AK/AK Skin.tres" type="Skin" id=1]
[ext_resource path="res://Assets/3D/Weapons/AK/AK.tres" type="ArrayMesh" id=2]
[ext_resource path="res://Assets/3D/Weapons/AK/AK Mag.tres" type="ArrayMesh" id=3]
[ext_resource path="res://Assets/3D/Weapons/AK/AK Mag2.tres" type="ArrayMesh" id=4]

[node name="AK Skeleton" type="Skeleton"]
transform = Transform( 1, 0, 0, 0, 1, 0, 0, 0, 1, -0.244081, 2.17093, -8.3963 )
bones/0/name = "r_IK"
bones/0/parent = -1
bones/0/rest = Transform( -0.0595329, -0.0273876, -0.997851, -0.993396, 0.0998459, 0.0565267, 0.0980832, 0.994626, -0.0331509, -2.24173, -4.49308, 1.40438 )
bones/0/enabled = true
bones/0/bound_children = [  ]
bones/1/name = "l_IK"
bones/1/parent = -1
bones/1/rest = Transform( -0.788268, -0.40941, -0.459366, -0.465646, -0.0911309, 0.880266, -0.402252, 0.907788, -0.118805, -0.556943, -3.2472, 10.2975 )
bones/1/enabled = true
bones/1/bound_children = [  ]
bones/2/name = "root"
bones/2/parent = -1
bones/2/rest = Transform( -1, -4.26326e-14, -4.76837e-07, -4.76837e-07, 0, 1, -4.26326e-14, 1, 0, 0, 0, 0 )
bones/2/enabled = true
bones/2/bound_children = [  ]
bones/3/name = "camera_target"
bones/3/parent = 2
bones/3/rest = Transform( 1, -4.76837e-07, 1.50996e-07, 1.50996e-07, 0, -1, 4.76837e-07, 1, 0, 2.94581e-12, 34.8646, 1.19219e-07 )
bones/3/enabled = true
bones/3/bound_children = [  ]
bones/4/name = "r_pole"
bones/4/parent = 2
bones/4/rest = Transform( -1, -9.53674e-07, -8.74228e-08, -8.74228e-08, 0, 1, -9.53674e-07, 1, 0, 13.9494, 6.71784, -5.99999 )
bones/4/enabled = true
bones/4/bound_children = [  ]
bones/5/name = "l_pole"
bones/5/parent = 2
bones/5/rest = Transform( -1, -9.53674e-07, -8.74228e-08, -8.74228e-08, 0, 1, -9.53674e-07, 1, 0, -10.046, 6.62086, -8.51758 )
bones/5/enabled = true
bones/5/bound_children = [  ]
bones/6/name = "camera_controller"
bones/6/parent = 2
bones/6/rest = Transform( 1, -8.74228e-08, -4.76837e-07, 8.74228e-08, 1, -2.84153e-13, 4.76837e-07, 2.42466e-13, 1, 0, 0, 1.19209e-07 )
bones/6/enabled = true
bones/6/bound_children = [  ]
bones/7/name = "r_upperarm"
bones/7/parent = -1
bones/7/rest = Transform( 0.190436, -0.784012, -0.59084, -0.806225, -0.468329, 0.361579, -0.560202, 0.407485, -0.721224, -1.11924, -1.5571, -9.07443 )
bones/7/enabled = true
bones/7/bound_children = [  ]
bones/8/name = "r_forearm"
bones/8/parent = 7
bones/8/rest = Transform( 0.780201, -0.412988, -0.469823, 0.415598, -0.219131, 0.882753, -0.467517, -0.883998, 0.000670608, 1.2659e-06, 8.49742, 9.87779e-07 )
bones/8/enabled = true
bones/8/bound_children = [  ]
bones/9/name = "r_wrist"
bones/9/parent = 8
bones/9/rest = Transform( 0.987025, -0.0327165, -0.157158, -0.0753285, 0.770151, -0.633407, 0.141756, 0.637053, 0.757672, 1.44862e-07, 9.00096, 5.13979e-09 )
bones/9/enabled = true
bones/9/bound_children = [  ]
bones/10/name = "r_middle_low"
bones/10/parent = 9
bones/10/rest = Transform( 0.9993, 0.0276067, 0.0252898, -0.0303739, 0.202859, 0.978716, 0.0218889, -0.978841, 0.203546, -0.255021, 3.05931, -0.0394008 )
bones/10/enabled = true
bones/10/bound_children = [  ]
bones/11/name = "r_middle_mid"
bones/11/parent = 10
bones/11/rest = Transform( 0.982806, -0.125032, 0.135878, -0.0981546, 0.269546, 0.957966, -0.156402, -0.954841, 0.252636, -2.37087e-07, 1.05896, -6.55849e-07 )
bones/11/enabled = true
bones/11/bound_children = [  ]
bones/12/name = "r_middle_tip"
bones/12/parent = 11
bones/12/rest = Transform( 0.995789, 0.0816731, 0.0416798, -0.0897999, 0.776727, 0.6234, 0.0185412, -0.62451, 0.780797, 4.44138e-07, 0.748668, 6.24939e-07 )
bones/12/enabled = true
bones/12/bound_children = [  ]
bones/13/name = "r_ring_low"
bones/13/parent = 9
bones/13/rest = Transform( 0.995092, -0.0030578, 0.0989065, -0.098366, 0.0782069, 0.992073, -0.0107687, -0.996932, 0.0775224, 0.367817, 2.93002, -0.0135661 )
bones/13/enabled = true
bones/13/bound_children = [  ]
bones/14/name = "r_ring_mid"
bones/14/parent = 13
bones/14/rest = Transform( 0.955958, -0.250018, 0.153778, -0.018426, 0.471737, 0.88155, -0.292951, -0.845532, 0.446362, -1.1132e-07, 1.04778, 4.52182e-07 )
bones/14/enabled = true
bones/14/bound_children = [  ]
bones/15/name = "r_ring_tip"
bones/15/parent = 14
bones/15/rest = Transform( 0.988069, 0.132359, 0.078756, -0.153232, 0.793217, 0.589347, 0.0155349, -0.594392, 0.804022, -8.73753e-08, 0.703489, 3.45062e-07 )
bones/15/enabled = true
bones/15/bound_children = [  ]
bones/16/name = "r_index_low"
bones/16/parent = 9
bones/16/rest = Transform( 0.998748, -0.00303217, -0.0499081, -0.00234111, 0.994231, -0.107254, 0.0499453, 0.107237, 0.992977, -0.971058, 3.03038, -0.13534 )
bones/16/enabled = true
bones/16/bound_children = [  ]
bones/17/name = "r_index_mid"
bones/17/parent = 16
bones/17/rest = Transform( 0.998414, -0.0376193, 0.0418868, -0.022209, 0.420537, 0.906979, -0.0517349, -0.906531, 0.419007, 4.17017e-07, 1.04886, -5.83248e-08 )
bones/17/enabled = true
bones/17/bound_children = [  ]
bones/18/name = "r_index_tip"
bones/18/parent = 17
bones/18/rest = Transform( 0.999628, -0.0246477, -0.01168, 0.0268723, 0.816771, 0.57636, -0.00466602, -0.576509, 0.81706, 2.47505e-07, 0.597885, -3.62694e-07 )
bones/18/enabled = true
bones/18/bound_children = [  ]
bones/19/name = "r_pinky_low"
bones/19/parent = 9
bones/19/rest = Transform( 0.969352, -0.132403, 0.206948, -0.197686, 0.0798105, 0.976993, -0.145874, -0.987995, 0.0511884, 0.943754, 2.76002, -0.0668265 )
bones/19/enabled = true
bones/19/bound_children = [  ]
bones/20/name = "r_pinky_mid"
bones/20/parent = 19
bones/20/rest = Transform( -0.997745, -0.0652798, -0.0157019, -0.0538455, 0.917682, -0.393661, 0.0401075, -0.391932, -0.919113, 3.33481e-08, 0.741666, 1.13442e-07 )
bones/20/enabled = true
bones/20/bound_children = [  ]
bones/21/name = "r_pinky_tip"
bones/21/parent = 20
bones/21/rest = Transform( -0.969796, 0.00670325, -0.243858, -0.195389, 0.577199, 0.792877, 0.146072, 0.816574, -0.558447, -4.95163e-07, 0.549339, 1.44495e-06 )
bones/21/enabled = true
bones/21/bound_children = [  ]
bones/22/name = "r_thumb_low"
bones/22/parent = 9
bones/22/rest = Transform( 0.760497, -0.458497, -0.459811, 0.61975, 0.723845, 0.303242, 0.193797, -0.515577, 0.834641, -1.02567, 1.03883, -0.698046 )
bones/22/enabled = true
bones/22/bound_children = [  ]
bones/23/name = "r_thumb_mid"
bones/23/parent = 22
bones/23/rest = Transform( 0.78586, 0.610493, 0.0986049, -0.556754, 0.767855, -0.316892, -0.269177, 0.194132, 0.943322, -6.95246e-07, 0.958806, -9.80209e-07 )
bones/23/enabled = true
bones/23/bound_children = [  ]
bones/24/name = "r_thumb_tip"
bones/24/parent = 23
bones/24/rest = Transform( 0.796154, 0.605091, -0.00296313, -0.601995, 0.791541, -0.105177, -0.0612972, 0.0855196, 0.994448, 4.74863e-07, 0.944532, 1.04859e-06 )
bones/24/enabled = true
bones/24/bound_children = [  ]
bones/25/name = "r_armtwist_1"
bones/25/parent = 8
bones/25/rest = Transform( 0.999998, -0.00163749, 0.00126939, 0.00163985, 0.999997, -0.00185884, -0.00126635, 0.00186091, 0.999998, 3.0424e-07, -1.00166e-06, -2.83401e-06 )
bones/25/enabled = true
bones/25/bound_children = [  ]
bones/26/name = "r_armtwist_2"
bones/26/parent = 25
bones/26/rest = Transform( 0.999354, -9.36249e-09, -0.0359272, 1.12955e-08, 1, 5.36016e-08, 0.0359271, -5.39728e-08, 0.999355, 0.0167143, 3.8787, -0.0189916 )
bones/26/enabled = true
bones/26/bound_children = [  ]
bones/27/name = "r_armtwist_3"
bones/27/parent = 25
bones/27/rest = Transform( 0.997451, -2.90026e-08, -0.0713532, 3.64538e-07, 1, 4.68945e-06, 0.0713531, -4.7035e-06, 0.997452, 0.0166961, 5.70513, -0.0189865 )
bones/27/enabled = true
bones/27/bound_children = [  ]
bones/28/name = "r_armtwist_4"
bones/28/parent = 25
bones/28/rest = Transform( 0.994178, 4.6358e-06, -0.107756, -4.11317e-06, 1, 5.0724e-06, 0.107756, -4.59965e-06, 0.994178, 0.0166786, 7.32536, -0.0189862 )
bones/28/enabled = true
bones/28/bound_children = [  ]
bones/29/name = "l_upperarm"
bones/29/parent = -1
bones/29/rest = Transform( -0.40493, 0.0708473, -0.911615, -0.883081, -0.289013, 0.36976, -0.237281, 0.954706, 0.179585, 4.09169, -5.83206, -3.10921 )
bones/29/enabled = true
bones/29/bound_children = [  ]
bones/30/name = "l_forearm"
bones/30/parent = 29
bones/30/rest = Transform( 0.884196, -0.397918, 0.244689, 0.395341, 0.358388, -0.845737, 0.248844, 0.844512, 0.474201, 4.0709e-08, 8.49741, 5.64944e-07 )
bones/30/enabled = true
bones/30/bound_children = [  ]
bones/31/name = "l_wrist"
bones/31/parent = 30
bones/31/rest = Transform( 0.727498, 0.493881, -0.47629, -0.0375482, 0.721796, 0.69106, 0.685138, -0.484859, 0.54361, 1.05812e-06, 9.00095, -5.76675e-07 )
bones/31/enabled = true
bones/31/bound_children = [  ]
bones/32/name = "l_middle_low"
bones/32/parent = 31
bones/32/rest = Transform( 0.952321, -0.29305, 0.0850422, 0.179736, 0.313473, -0.932425, 0.246596, 0.903241, 0.351193, -0.255021, 3.05931, 0.0393996 )
bones/32/enabled = true
bones/32/bound_children = [  ]
bones/33/name = "l_middle_mid"
bones/33/parent = 32
bones/33/rest = Transform( 0.989841, 0.141117, 0.0172973, -0.0824777, 0.66906, -0.738618, -0.115805, 0.729688, 0.673903, 1.2379e-07, 1.05896, -1.10076e-06 )
bones/33/enabled = true
bones/33/bound_children = [  ]
bones/34/name = "l_middle_tip"
bones/34/parent = 33
bones/34/rest = Transform( 0.999212, -0.0218976, -0.0331183, 0.00159148, 0.855577, -0.517677, 0.0396712, 0.51722, 0.85493, -1.56443e-07, 0.748667, 1.77682e-07 )
bones/34/enabled = true
bones/34/bound_children = [  ]
bones/35/name = "l_ring_low"
bones/35/parent = 31
bones/35/rest = Transform( 0.712366, -0.463973, 0.526579, 0.60864, 0.0347203, -0.792695, 0.349535, 0.885137, 0.307118, 0.367818, 2.93002, 0.0135672 )
bones/35/enabled = true
bones/35/bound_children = [  ]
bones/36/name = "l_ring_mid"
bones/36/parent = 35
bones/36/rest = Transform( 0.964795, -0.246668, -0.0915154, 0.132214, 0.755228, -0.641964, 0.22748, 0.607228, 0.761255, -1.35859e-06, 1.04778, -1.83777e-06 )
bones/36/enabled = true
bones/36/bound_children = [  ]
bones/37/name = "l_ring_tip"
bones/37/parent = 36
bones/37/rest = Transform( 0.988818, -0.00442807, -0.149093, -0.063646, 0.89147, -0.448583, 0.1349, 0.453055, 0.881214, -2.87993e-07, 0.70349, 4.90726e-07 )
bones/37/enabled = true
bones/37/bound_children = [  ]
bones/38/name = "l_index_low"
bones/38/parent = 31
bones/38/rest = Transform( 0.980784, -0.000670427, 0.195106, 0.0898879, 0.889101, -0.4488, -0.173168, 0.457715, 0.872069, -0.927024, 3.02768, 0.126688 )
bones/38/enabled = true
bones/38/bound_children = [  ]
bones/39/name = "l_index_mid"
bones/39/parent = 38
bones/39/rest = Transform( 0.997799, 0.0658691, -0.00772074, -0.0434451, 0.561241, -0.82651, -0.0501082, 0.825031, 0.562863, -5.36442e-07, 1.04886, 3.57628e-07 )
bones/39/enabled = true
bones/39/bound_children = [  ]
bones/40/name = "l_index_tip"
bones/40/parent = 39
bones/40/rest = Transform( 0.984886, -0.137893, 0.10486, 0.168144, 0.615237, -0.7702, 0.0416923, 0.776177, 0.629129, 5.64731e-07, 0.597885, -1.13838e-06 )
bones/40/enabled = true
bones/40/bound_children = [  ]
bones/41/name = "l_pinky_low"
bones/41/parent = 31
bones/41/rest = Transform( 0.852825, -0.394166, -0.342598, -0.32459, 0.113908, -0.938961, 0.409166, 0.911924, -0.0307983, 0.943755, 2.76002, 0.0668297 )
bones/41/enabled = true
bones/41/bound_children = [  ]
bones/42/name = "l_pinky_mid"
bones/42/parent = 41
bones/42/rest = Transform( -0.971136, 0.179169, 0.156991, 0.227066, 0.497224, 0.837377, 0.0719663, 0.848937, -0.523587, 3.93041e-07, 0.741667, -4.98047e-07 )
bones/42/enabled = true
bones/42/bound_children = [  ]
bones/43/name = "l_pinky_tip"
bones/43/parent = 42
bones/43/rest = Transform( -0.986256, -0.00320357, 0.16513, -0.126997, 0.653939, -0.745816, -0.105594, -0.756565, -0.645347, 2.44674e-07, 0.549339, -3.67252e-08 )
bones/43/enabled = true
bones/43/bound_children = [  ]
bones/44/name = "l_thumb_low"
bones/44/parent = 31
bones/44/rest = Transform( 0.673379, -0.529011, 0.516438, 0.702248, 0.676064, -0.223128, -0.231109, 0.512916, 0.826743, -1.02567, 1.03883, 0.698043 )
bones/44/enabled = true
bones/44/bound_children = [  ]
bones/45/name = "l_thumb_mid"
bones/45/parent = 44
bones/45/rest = Transform( -0.949846, 0.266735, 0.163217, 0.213649, 0.93468, -0.284135, -0.228343, -0.235014, -0.94479, -1.96918e-07, 0.958807, -3.9471e-07 )
bones/45/enabled = true
bones/45/bound_children = [  ]
bones/46/name = "l_thumb_tip"
bones/46/parent = 45
bones/46/rest = Transform( -0.99381, -0.109246, -0.020248, -0.110628, 0.95605, 0.271529, -0.0103054, 0.272087, -0.962217, 1.19209e-07, 0.944532, -1.54972e-06 )
bones/46/enabled = true
bones/46/bound_children = [  ]
bones/47/name = "l_armtwist_1"
bones/47/parent = 30
bones/47/rest = Transform( 0.999998, -0.0016426, 0.000773937, 0.00164116, 0.999997, 0.00185764, -0.000776986, -0.00185637, 0.999998, 1.55577e-06, -2.20831e-06, 1.97683e-06 )
bones/47/enabled = true
bones/47/bound_children = [  ]
bones/48/name = "l_armtwist_2"
bones/48/parent = 47
bones/48/rest = Transform( 0.982202, 1.92472e-08, -0.187819, -4.82638e-08, 1, -1.4992e-07, 0.187819, 1.56316e-07, 0.982205, 0.0167273, 3.8787, 0.0189795 )
bones/48/enabled = true
bones/48/bound_children = [  ]
bones/49/name = "l_armtwist_3"
bones/49/parent = 47
bones/49/rest = Transform( 0.929276, 8.9035e-08, -0.369384, -1.89476e-06, 0.999999, -4.52571e-06, 0.369383, 4.90552e-06, 0.929278, 0.0167115, 5.70513, 0.0189736 )
bones/49/enabled = true
bones/49/bound_children = [  ]
bones/50/name = "l_armtwist_4"
bones/50/parent = 47
bones/50/rest = Transform( 0.843677, 4.73637e-06, -0.536852, -6.57997e-06, 1, -1.51811e-06, 0.536852, 4.81326e-06, 0.843676, 0.016694, 7.32536, 0.018974 )
bones/50/enabled = true
bones/50/bound_children = [  ]
bones/51/name = "watch"
bones/51/parent = 50
bones/51/rest = Transform( 1, 0.000386442, -0.000204979, -0.000386434, 1, 4.23924e-05, 0.000204995, -4.23131e-05, 1, -0.00541006, 1.06408, -0.00610207 )
bones/51/enabled = true
bones/51/bound_children = [  ]
bones/52/name = "weapon"
bones/52/parent = -1
bones/52/rest = Transform( 0.99894, -0.00856099, -0.0452173, 0.0451706, -0.00558042, 0.998964, -0.00880445, -0.999948, -0.00518775, -1.36362, -1.7931, 8.25843 )
bones/52/enabled = true
bones/52/bound_children = [  ]
bones/53/name = "bolt"
bones/53/parent = -1
bones/53/rest = Transform( 0.99894, -0.00856099, -0.0452173, 0.0451706, -0.00558042, 0.998964, -0.00880445, -0.999948, -0.00518775, -1.40813, -0.390067, 10.4061 )
bones/53/enabled = true
bones/53/bound_children = [  ]
bones/54/name = "magazine"
bones/54/parent = -1
bones/54/rest = Transform( 0.99894, 0.0428965, 0.0166674, 0.0451708, -0.844641, -0.533424, -0.00880404, 0.533611, -0.845684, -1.25344, -4.26723, 8.06596 )
bones/54/enabled = true
bones/54/bound_children = [  ]
bones/55/name = "trigger"
bones/55/parent = -1
bones/55/rest = Transform( 0.99894, 0.045659, -0.00575768, 0.0451706, -0.996721, -0.067137, -0.0088042, 0.0668058, -0.997727, -1.51098, -2.75577, 5.21668 )
bones/55/enabled = true
bones/55/bound_children = [  ]
bones/56/name = "release"
bones/56/parent = -1
bones/56/rest = Transform( 0.99894, 0.0457296, 0.00516724, 0.0451706, -0.952808, -0.300195, -0.00880445, 0.300111, -0.953864, -1.47351, -3.26592, 6.60791 )
bones/56/enabled = true
bones/56/bound_children = [  ]
bones/57/name = "magazine2"
bones/57/parent = -1
bones/57/rest = Transform( 0.99894, 0.0428966, 0.0166672, 0.0451708, -0.844644, -0.53342, -0.00880404, 0.533607, -0.845687, 2.84172, -16.6578, 15.2867 )
bones/57/enabled = true
bones/57/bound_children = [  ]

[node name="AK" type="MeshInstance" parent="."]
mesh = ExtResource( 2 )
skin = ExtResource( 1 )
material/0 = null
material/1 = null
material/2 = null
material/3 = null

[node name="Mag" type="MeshInstance" parent="."]
mesh = ExtResource( 3 )
skin = ExtResource( 1 )
material/0 = null

[node name="Mag2" type="MeshInstance" parent="."]
mesh = ExtResource( 4 )
skin = ExtResource( 1 )
material/0 = null
