[gd_resource type="Skin" format=2]

[resource]
resource_name = "Skin"
bind_count = 58
bind/0/name = "r_IK"
bind/0/bone = -1
bind/0/pose = Transform( 4.22438e-05, -1, 0, 0, 0, 1, -1, -4.22438e-05, 0, -6.00387, -15.6449, -6.36803 )
bind/1/name = "l_IK"
bind/1/bone = -1
bind/1/pose = Transform( -2.61823e-05, -1, 0, 0, 0, 1, -1, 2.61823e-05, 0, -6.00397, -15.6449, 6.36793 )
bind/2/name = "root"
bind/2/bone = -1
bind/2/pose = Transform( -1, -4.76837e-07, -5.68434e-14, -5.68434e-14, -2.71051e-20, 1, -4.76837e-07, 1, -2.71051e-20, 0, 0, 0 )
bind/3/name = "camera_target"
bind/3/bone = -1
bind/3/pose = Transform( -1, -4.09275e-27, 1.50996e-07, -3.43325e-20, 1, -2.27374e-13, -1.50996e-07, 2.71051e-20, -1, -5.26441e-06, -1.19211e-07, 34.8646 )
bind/4/name = "r_pole"
bind/4/bone = -1
bind/4/pose = Transform( 1, -4.76837e-07, -8.74227e-08, 4.76837e-07, 1, 9.09495e-13, 8.74227e-08, -4.16865e-14, 1, 13.9494, 6.00001, -6.71784 )
bind/5/name = "l_pole"
bind/5/bone = -1
bind/5/pose = Transform( 1, -4.76837e-07, -8.74227e-08, 4.76837e-07, 1, 9.09495e-13, 8.74227e-08, -4.16865e-14, 1, -13.9494, 5.99999, -6.71785 )
bind/6/name = "camera_controller"
bind/6/bone = -1
bind/6/pose = Transform( -1, 6.51683e-07, 1.36035e-13, 0, -2.08745e-07, 1, 6.51683e-07, 1, 2.08745e-07, -1.3453e-13, 2.48843e-14, -1.19209e-07 )
bind/7/name = "r_upperarm"
bind/7/bone = -1
bind/7/pose = Transform( 0.00183284, -0.999797, -0.0190894, -0.0642201, -0.0191667, 0.997752, -0.997932, -0.000591086, -0.0642435, -5.92878, 1.34731, -5.85865 )
bind/8/name = "r_forearm"
bind/8/bone = -1
bind/8/pose = Transform( -0.0021084, -0.999953, 0.00712168, -0.00809153, 0.00713834, 0.999942, -0.999963, 0.00206233, -0.00810634, -6.1287, -6.6517, -6.22834 )
bind/9/name = "r_wrist"
bind/9/bone = -1
bind/9/pose = Transform( 4.395e-05, -0.99998, -4.511e-10, -2.79338e-08, -1.32961e-07, 1, -0.999998, -3.22317e-05, -1.454e-14, -6.00374, -15.6449, -6.36796 )
bind/10/name = "r_middle_low"
bind/10/bone = -1
bind/10/pose = Transform( 0.0104925, -0.996852, 0.0783343, 0.156559, 0.0790067, 0.984503, -0.987611, 0.00194553, 0.156898, -7.1298, -16.9694, -9.17345 )
bind/11/name = "r_middle_mid"
bind/11/bone = -1
bind/11/pose = Transform( -0.0816035, -0.996232, 0.0286516, 0.404466, -0.00683362, 0.914527, -0.910903, 0.0862263, 0.403509, -6.71276, -15.6051, -13.093 )
bind/12/name = "r_middle_tip"
bind/12/bone = -1
bind/12/pose = Transform( -0.0911739, -0.995165, 0.0359717, 0.558048, -0.0211477, 0.829539, -0.824783, 0.0957141, 0.55729, -6.91235, -13.7985, -15.6765 )
bind/13/name = "r_ring_low"
bind/13/bone = -1
bind/13/pose = Transform( 0.120337, -0.992641, 0.0121261, 0.185466, 0.034477, 0.982045, -0.975253, -0.115914, 0.188254, -5.78567, -16.8432, -10.4324 )
bind/14/name = "r_ring_mid"
bind/14/bone = -1
bind/14/pose = Transform( 0.0807533, -0.996155, -0.0334084, 0.46998, 0.00849185, 0.882636, -0.878973, -0.0869653, 0.468869, -5.15911, -14.3543, -15.157 )
bind/15/name = "r_ring_tip"
bind/15/bone = -1
bind/15/pose = Transform( 0.030661, -0.995476, -0.0897193, 0.661426, -0.0470966, 0.74853, -0.749381, -0.0822832, 0.657003, -4.30793, -11.5814, -18.1769 )
bind/16/name = "r_index_low"
bind/16/bone = -1
bind/16/pose = Transform( -0.155005, -0.984729, 0.0789966, 0.0651661, 0.0695947, 0.995444, -0.98576, 0.159455, 0.0533845, -7.44204, -17.8275, -6.3395 )
bind/17/name = "r_index_mid"
bind/17/bone = -1
bind/17/pose = Transform( -0.162904, -0.985917, 0.037251, 0.391116, -0.029873, 0.919856, -0.905807, 0.164425, 0.390483, -6.67365, -15.8717, -12.4676 )
bind/18/name = "r_index_tip"
bind/18/bone = -1
bind/18/pose = Transform( -0.179696, -0.983131, 0.0334726, 0.422621, -0.0464335, 0.905116, -0.888311, 0.176799, 0.423845, -6.68282, -16.0669, -12.9776 )
bind/19/name = "r_pinky_low"
bind/19/bone = -1
bind/19/pose = Transform( 0.144248, -0.987652, -0.060833, 0.260736, -0.02137, 0.965173, -0.954571, -0.155071, 0.25444, -4.8336, -16.2695, -11.775 )
bind/20/name = "r_pinky_mid"
bind/20/bone = -1
bind/20/pose = Transform( -0.0864518, 0.994615, 0.0568378, 0.398287, -0.0177924, 0.917088, 0.913176, 0.101909, -0.394612, 5.31147, -15.2268, 13.8322 )
bind/21/name = "r_pinky_tip"
bind/21/bone = -1
bind/21/pose = Transform( 0.105878, -0.983376, -0.147397, 0.687692, -0.0346604, 0.725175, -0.718239, -0.178132, 0.672604, -3.34151, -10.4233, -18.6713 )
bind/22/name = "r_thumb_low"
bind/22/bone = -1
bind/22/pose = Transform( -0.10006, -0.694836, 0.71216, 0.575614, 0.543374, 0.611059, -0.811575, 0.471072, 0.345594, -15.908, -4.22601, -8.02204 )
bind/23/name = "r_thumb_mid"
bind/23/bone = -1
bind/23/pose = Transform( -0.112308, -0.955141, 0.273959, 0.331836, 0.223815, 0.916399, -0.936626, 0.193836, 0.29182, -9.56339, -13.1299, -8.96913 )
bind/24/name = "r_thumb_tip"
bind/24/bone = -1
bind/24/pose = Transform( -0.181469, -0.972935, 0.142916, 0.311555, 0.0809555, 0.946773, -0.932737, 0.216343, 0.288438, -7.59474, -15.3293, -8.79355 )
bind/25/name = "r_armtwist_1"
bind/25/bone = -1
bind/25/pose = Transform( -0.00085536, -0.999941, 0.00877168, -0.00994888, 0.00877957, 0.999912, -0.999948, 0.000779722, -0.00995599, -6.13171, -6.65323, -6.22373 )
bind/26/name = "r_armtwist_2"
bind/26/bone = -1
bind/26/pose = Transform( -0.00085517, -0.999941, 0.00877175, -0.00994888, 0.00877964, 0.999912, -0.999948, 0.00077953, -0.00995599, -6.14842, -10.5319, -6.20474 )
bind/27/name = "r_armtwist_3"
bind/27/bone = -1
bind/27/pose = Transform( -0.000399173, -0.999942, 0.00877629, -0.00994417, 0.00877964, 0.999912, -0.999949, 0.000323578, -0.00994728, -6.14558, -12.3583, -6.20761 )
bind/28/name = "r_armtwist_4"
bind/28/bone = -1
bind/28/pose = Transform( -0.0010157, -0.999941, 0.00876551, -0.00994424, 0.008775, 0.999912, -0.999948, 0.000940147, -0.00995276, -6.14932, -13.9786, -6.20383 )
bind/29/name = "l_upperarm"
bind/29/bone = -1
bind/29/pose = Transform( 0.00144095, -0.999793, -0.0193, 0.0642209, -0.0191694, 0.997751, -0.997933, -0.00268894, 0.0641805, -5.94797, 1.34729, 5.83917 )
bind/30/name = "l_forearm"
bind/30/bone = -1
bind/30/pose = Transform( -0.000647459, -0.999955, 0.00714399, 0.00809233, 0.0071356, 0.999942, -0.999965, 0.00069354, 0.00808667, -6.11151, -6.65172, 6.2452 )
bind/31/name = "l_wrist"
bind/31/bone = -1
bind/31/pose = Transform( -3.99983e-05, -0.99998, 1.52792e-10, 8.40868e-07, -2.87296e-06, 1, -0.999998, 2.83411e-05, -4.33037e-15, -6.00377, -15.6449, 6.36794 )
bind/32/name = "l_middle_low"
bind/32/bone = -1
bind/32/pose = Transform( 0.0104938, -0.996586, 0.0816503, -0.156558, 0.0790041, 0.984503, -0.987611, -0.0231248, -0.155199, -7.3231, -16.9694, 9.0199 )
bind/33/name = "l_middle_mid"
bind/33/bone = -1
bind/33/pose = Transform( 0.156934, -0.985637, 0.0620473, -0.404466, -0.00683611, 0.914527, -0.900986, -0.168623, -0.399738, -7.77643, -15.6051, 12.4906 )
bind/34/name = "l_middle_tip"
bind/34/bone = -1
bind/34/pose = Transform( 0.125397, -0.990323, 0.0591179, -0.558048, -0.02115, 0.829538, -0.820277, -0.137018, -0.555312, -7.55835, -13.7986, 15.3755 )
bind/35/name = "l_ring_low"
bind/35/bone = -1
bind/35/pose = Transform( 0.120334, -0.991045, 0.0575227, -0.185465, 0.0344743, 0.982045, -0.975253, -0.128851, -0.17966, -8.14801, -16.8433, 8.71309 )
bind/36/name = "l_ring_mid"
bind/36/bone = -1
bind/36/pose = Transform( 0.0807547, -0.995326, 0.0525826, -0.469979, 0.00848947, 0.882635, -0.878974, -0.095997, -0.467107, -7.83448, -14.3543, 13.9633 )
bind/37/name = "l_ring_tip"
bind/37/bone = -1
bind/37/pose = Transform( 0.095858, -0.995129, 0.0220991, -0.661426, -0.0470987, 0.748529, -0.743858, -0.0863746, -0.662733, -7.30476, -11.5814, 17.193 )
bind/38/name = "l_index_low"
bind/38/bone = -1
bind/38/pose = Transform( 0.105424, -0.991481, 0.076223, -0.0651653, 0.0695921, 0.995444, -0.992288, -0.10992, -0.0572752, -7.11509, -17.8275, 6.70439 )
bind/39/name = "l_index_mid"
bind/39/bone = -1
bind/39/pose = Transform( 0.156724, -0.987015, 0.034588, -0.391116, -0.0298755, 0.919856, -0.906897, -0.157698, -0.390728, -6.5885, -15.8717, 12.5128 )
bind/40/name = "l_index_tip"
bind/40/bone = -1
bind/40/pose = Transform( 0.134924, -0.99076, 0.0121758, -0.422621, -0.0464359, 0.905115, -0.896205, -0.127274, -0.424991, -6.02361, -16.0669, 13.2965 )
bind/41/name = "l_pinky_low"
bind/41/bone = -1
bind/41/pose = Transform( 0.144244, -0.989374, 0.0170633, -0.260735, -0.0213726, 0.965173, -0.954572, -0.143677, -0.261053, -8.097, -16.2696, 9.82109 )
bind/42/name = "l_pinky_mid"
bind/42/bone = -1
bind/42/pose = Transform( -0.0864513, 0.996069, -0.0182252, -0.398286, -0.0177949, 0.917088, 0.913176, 0.0865502, 0.398268, 7.81287, -15.2268, -12.5897 )
bind/43/name = "l_pinky_tip"
bind/43/bone = -1
bind/43/pose = Transform( 0.105886, -0.992946, 0.052964, -0.687691, -0.0346623, 0.725174, -0.718238, -0.113213, -0.686525, -8.58727, -10.4233, 16.9128 )
bind/44/name = "l_thumb_low"
bind/44/bone = -1
bind/44/pose = Transform( 0.194326, -0.634949, 0.747704, -0.575614, 0.543373, 0.611058, -0.794294, -0.549132, -0.259899, -16.7373, -4.22598, 6.10572 )
bind/45/name = "l_thumb_mid"
bind/45/bone = -1
bind/45/pose = Transform( -0.230916, 0.922597, -0.30896, -0.331836, 0.223813, 0.916399, 0.914636, 0.314139, 0.254474, 10.6298, -13.1299, -7.67539 )
bind/46/name = "l_thumb_tip"
bind/46/bone = -1
bind/46/pose = Transform( 0.235649, -0.958635, 0.159523, -0.311555, 0.0809529, 0.946772, -0.920543, -0.272812, -0.279597, -8.09549, -15.3293, 8.33486 )
bind/47/name = "l_armtwist_1"
bind/47/bone = -1
bind/47/pose = Transform( 0.000142753, -0.999942, 0.00877879, 0.00994965, 0.00877685, 0.999912, -0.999949, -6.70785e-05, 0.0099497, -6.12727, -6.65325, 6.2281 )
bind/48/name = "l_armtwist_2"
bind/48/bone = -1
bind/48/pose = Transform( 0.000142858, -0.999942, 0.00877883, 0.00994969, 0.00877689, 0.999912, -0.999949, -6.71827e-05, 0.00994973, -6.144, -10.532, 6.20912 )
bind/49/name = "l_armtwist_3"
bind/49/bone = -1
bind/49/pose = Transform( -0.000319772, -0.999942, 0.00878343, 0.00994498, 0.00877688, 0.999912, -0.999949, 0.000395403, 0.00994096, -6.14111, -12.3584, 6.21203 )
bind/50/name = "l_armtwist_4"
bind/50/bone = -1
bind/50/pose = Transform( 0.000265945, -0.999942, 0.008773, 0.00994509, 0.00877228, 0.999912, -0.999949, -0.000190355, 0.00994621, -6.14467, -13.9786, 6.20844 )
bind/51/name = "watch"
bind/51/bone = -1
bind/51/pose = Transform( 5.71168e-05, -0.999945, 0.00838862, 0.00998752, 0.00838585, 0.999915, -0.999948, 1.49843e-05, 0.00998682, -6.13217, -15.0453, 6.21516 )
bind/52/name = "weapon"
bind/52/bone = -1
bind/52/pose = Transform( 1, 0, 0, 0, 5.06266e-06, -1, 0, 1, 5.06266e-06, 1.93696, 7.06333, 1.84645 )
bind/53/name = "bolt"
bind/53/bone = -1
bind/53/pose = Transform( 1, 0, 0, 0, 5.05525e-06, -1, 0, 1, 5.05525e-06, 1.93696, 9.21837, 0.453997 )
bind/54/name = "magazine"
bind/54/bone = -1
bind/54/pose = Transform( 1, 2.52358e-07, 4.04585e-07, -1.27898e-13, -0.848476, 0.529233, 4.76837e-07, -0.529233, -0.848476, 1.93696, -7.29662, 3.53147 )
bind/55/name = "trigger"
bind/55/bone = -1
bind/55/pose = Transform( 1, 1.46928e-08, 2.37966e-07, -6.21725e-14, -0.998099, 0.0616263, 2.38419e-07, -0.061626, -0.998099, 2.10088, -3.02784, 3.83578 )
bind/56/name = "release"
bind/56/bone = -1
bind/56/pose = Transform( 1, 0, 0, 0, -0.955446, 0.295165, 0, -0.295165, -0.955446, 2.09874, -4.75201, 4.18767 )
bind/57/name = "magazine2"
bind/57/bone = -1
bind/57/pose = Transform( 1, 2.52358e-07, 4.04585e-07, -1.27898e-13, -0.848476, 0.529233, 4.76837e-07, -0.529233, -0.848476, 1.93696, -7.29662, 3.53147 )
