[gd_scene load_steps=4 format=2]

[ext_resource path="res://Assets/3D/Weapons/Glock/Glock Bullet.tres" type="ArrayMesh" id=1]
[ext_resource path="res://Assets/3D/Weapons/Glock/Glock Mag.tres" type="ArrayMesh" id=2]
[ext_resource path="res://Assets/3D/Weapons/Glock/Glock.tres" type="ArrayMesh" id=4]

[node name="Glock Skeleton" type="Skeleton"]
bones/0/name = "r_IK"
bones/0/parent = -1
bones/0/rest = Transform( -0.00905347, -0.135044, -0.990798, -0.998029, 0.0627571, 0.000565827, 0.0621032, 0.98885, -0.135346, -1.81595, -2.66405, 3.77624 )
bones/0/enabled = true
bones/0/bound_children = [  ]
bones/1/name = "l_IK"
bones/1/parent = -1
bones/1/rest = Transform( -0.671962, -0.0535722, -0.738645, -0.738209, -0.0313876, 0.673841, -0.0592834, 0.998071, -0.0184562, -0.61325, -3.20007, 4.0362 )
bones/1/enabled = true
bones/1/bound_children = [  ]
bones/2/name = "root"
bones/2/parent = -1
bones/2/rest = Transform( -1, -2.84217e-14, -4.76837e-07, -4.76837e-07, 0, 1, -2.84217e-14, 1, 0, 0, 0, 0 )
bones/2/enabled = true
bones/2/bound_children = [  ]
bones/3/name = "r_pole"
bones/3/parent = 2
bones/3/rest = Transform( -1, -1.10462e-06, 4.55884e-11, 4.55884e-11, 0, 1, -1.10462e-06, 1, 0, 12.0431, 5.79983, -5.18008 )
bones/3/enabled = true
bones/3/bound_children = [  ]
bones/4/name = "l_pole"
bones/4/parent = 2
bones/4/rest = Transform( -1, -1.10462e-06, 4.55884e-11, 4.55884e-11, 0, 1, -1.10462e-06, 1, 0, -12.0431, 5.79983, -5.18009 )
bones/4/enabled = true
bones/4/bound_children = [  ]
bones/5/name = "camera_controller"
bones/5/parent = 2
bones/5/rest = Transform( -1, 4.26937e-14, 1.10467e-06, -1.879e-13, 1, -2.08745e-07, -1.10467e-06, -2.08744e-07, -1, 2.14017e-20, -1.48322e-21, 1.02919e-07 )
bones/5/enabled = true
bones/5/bound_children = [  ]
bones/6/name = "r_upperarm"
bones/6/parent = -1
bones/6/rest = Transform( 0.226609, -0.0964169, -0.969212, -0.957283, -0.205736, -0.203341, -0.179799, 0.973857, -0.138914, -4.29215, -2.74174, -10.2768 )
bones/6/enabled = true
bones/6/bound_children = [  ]
bones/7/name = "r_forearm"
bones/7/parent = 6
bones/7/rest = Transform( 0.918299, -0.262577, 0.296594, 0.0239897, 0.784263, 0.619811, -0.395503, -0.562095, 0.726241, 1.74201e-07, 7.33622, -7.75575e-07 )
bones/7/enabled = true
bones/7/bound_children = [  ]
bones/8/name = "r_wrist"
bones/8/parent = 7
bones/8/rest = Transform( 0.791006, -0.215813, -0.572389, -0.152374, 0.836658, -0.526211, 0.592266, 0.503481, 0.62908, -3.1907e-07, 7.77095, 3.48696e-07 )
bones/8/enabled = true
bones/8/bound_children = [  ]
bones/9/name = "r_middle_low"
bones/9/parent = 8
bones/9/rest = Transform( 0.975862, 0.0802907, 0.203094, -0.205304, 0.654347, 0.727791, -0.0744589, -0.75192, 0.655036, -0.177116, 2.75782, -0.0160114 )
bones/9/enabled = true
bones/9/bound_children = [  ]
bones/10/name = "r_middle_mid"
bones/10/parent = 9
bones/10/rest = Transform( 0.969002, 0.171218, 0.178103, -0.155839, -0.135785, 0.978405, 0.191704, -0.975832, -0.104893, -2.03795e-08, 0.914255, 7.233e-07 )
bones/10/enabled = true
bones/10/bound_children = [  ]
bones/11/name = "r_middle_tip"
bones/11/parent = 10
bones/11/rest = Transform( 0.999365, 0.0356199, -0.000659848, -0.028589, 0.812879, 0.581729, 0.0212575, -0.581342, 0.81338, -2.38757e-07, 0.646358, 6.31606e-07 )
bones/11/enabled = true
bones/11/bound_children = [  ]
bones/12/name = "r_ring_low"
bones/12/parent = 8
bones/12/rest = Transform( 0.944337, 0.0404006, 0.326489, -0.289464, 0.573625, 0.766267, -0.156324, -0.818121, 0.553391, 0.320936, 2.52534, -0.0130809 )
bones/12/enabled = true
bones/12/bound_children = [  ]
bones/13/name = "r_ring_mid"
bones/13/parent = 12
bones/13/rest = Transform( 0.967552, 0.139695, 0.210545, -0.20872, -0.0277553, 0.977581, 0.142407, -0.989805, 0.00230265, 2.98042e-07, 0.904595, 9.04799e-07 )
bones/13/enabled = true
bones/13/bound_children = [  ]
bones/14/name = "r_ring_tip"
bones/14/parent = 13
bones/14/rest = Transform( 0.988101, 0.14137, 0.0606122, -0.149144, 0.784175, 0.602347, 0.0376237, -0.604222, 0.795923, -5.06301e-07, 0.607356, -7.47152e-07 )
bones/14/enabled = true
bones/14/bound_children = [  ]
bones/15/name = "r_index_low"
bones/15/parent = 8
bones/15/rest = Transform( 0.977594, -0.0426939, -0.206124, 0.050225, 0.998243, 0.0314409, 0.20442, -0.0410891, 0.978021, -0.800347, 2.61394, -0.10938 )
bones/15/enabled = true
bones/15/bound_children = [  ]
bones/16/name = "r_index_mid"
bones/16/parent = 15
bones/16/rest = Transform( 0.997847, -0.0334524, 0.0564002, -0.0334502, 0.480103, 0.876572, -0.0564016, -0.87657, 0.477952, 2.19938e-08, 0.90553, 6.14078e-08 )
bones/16/enabled = true
bones/16/bound_children = [  ]
bones/17/name = "r_index_tip"
bones/17/parent = 16
bones/17/rest = Transform( 0.999797, -0.0200062, -0.00253419, 0.0142317, 0.610959, 0.791535, -0.0142873, -0.791415, 0.611116, -2.82279e-07, 0.516185, -1.62079e-06 )
bones/17/enabled = true
bones/17/bound_children = [  ]
bones/18/name = "r_pinky_low"
bones/18/parent = 8
bones/18/rest = Transform( 0.911615, 0.0395171, 0.409141, -0.346562, 0.609116, 0.713355, -0.221024, -0.792096, 0.568976, 0.768243, 2.26665, -0.0755443 )
bones/18/enabled = true
bones/18/bound_children = [  ]
bones/19/name = "r_pinky_mid"
bones/19/parent = 18
bones/19/rest = Transform( -0.99785, 0.052491, -0.0392507, 0.0600414, 0.491884, -0.868587, -0.0262863, -0.869076, -0.493978, -6.28987e-07, 0.640313, -2.51128e-06 )
bones/19/enabled = true
bones/19/bound_children = [  ]
bones/20/name = "r_pinky_tip"
bones/20/parent = 19
bones/20/rest = Transform( -0.989786, -0.0596234, -0.129496, -0.142368, 0.460858, 0.875986, 0.00745006, 0.885472, -0.46464, -4.42881e-07, 0.47427, 1.10847e-06 )
bones/20/enabled = true
bones/20/bound_children = [  ]
bones/21/name = "r_thumb_low"
bones/21/parent = 8
bones/21/rest = Transform( 0.79401, -0.27927, -0.539959, 0.555267, 0.694725, 0.457204, 0.24744, -0.662847, 0.706688, -0.885515, 0.968348, -0.452555 )
bones/21/enabled = true
bones/21/bound_children = [  ]
bones/22/name = "r_thumb_mid"
bones/22/parent = 21
bones/22/rest = Transform( 0.553107, 0.797043, 0.242477, -0.677308, 0.599675, -0.426196, -0.485104, 0.0715006, 0.871528, -2.33277e-07, 0.827785, -1.7191e-07 )
bones/22/enabled = true
bones/22/bound_children = [  ]
bones/23/name = "r_thumb_tip"
bones/23/parent = 22
bones/23/rest = Transform( 0.993808, 0.109791, -0.0172276, -0.10934, 0.993682, 0.0253041, 0.019897, -0.0232637, 0.999532, 2.37842e-07, 0.905158, 4.12433e-07 )
bones/23/enabled = true
bones/23/bound_children = [  ]
bones/24/name = "r_armtwist_1"
bones/24/parent = 7
bones/24/rest = Transform( 0.999999, -0.0016372, 2.35186e-05, 0.00163725, 0.999997, -0.00186179, -2.04704e-05, 0.00186183, 0.999998, -2.48978e-07, -7.45645e-07, -2.38702e-06 )
bones/24/enabled = true
bones/24/bound_children = [  ]
bones/25/name = "r_armtwist_2"
bones/25/parent = 24
bones/25/rest = Transform( 0.987491, -5.39488e-06, -0.157542, 5.3202e-06, 1, -8.95009e-07, 0.157534, 4.56598e-08, 0.987536, 0.0144189, 3.34867, -0.0164067 )
bones/25/enabled = true
bones/25/bound_children = [  ]
bones/26/name = "r_armtwist_3"
bones/26/parent = 24
bones/26/rest = Transform( 0.950447, -5.45398e-06, -0.310811, 8.52795e-06, 1, 8.53258e-06, 0.310792, -1.07603e-05, 0.950503, 0.0144018, 4.92551, -0.0164073 )
bones/26/enabled = true
bones/26/bound_children = [  ]
bones/27/name = "r_armtwist_4"
bones/27/parent = 24
bones/27/rest = Transform( 0.889926, 1.37223e-08, -0.456078, 2.44039e-06, 0.999999, 4.79232e-06, 0.456059, -5.37781e-06, 0.889964, 0.0143833, 6.32433, -0.0164107 )
bones/27/enabled = true
bones/27/bound_children = [  ]
bones/28/name = "l_upperarm"
bones/28/parent = -1
bones/28/rest = Transform( -0.156791, 0.165698, -0.973639, -0.978906, -0.157125, 0.130889, -0.131298, 0.973587, 0.186831, 2.5984, -4.74513, -8.89403 )
bones/28/enabled = true
bones/28/bound_children = [  ]
bones/29/name = "l_forearm"
bones/29/parent = 28
bones/29/rest = Transform( 0.904753, -0.348339, -0.245535, 2.65427e-05, 0.576199, -0.817184, 0.426266, 0.739316, 0.5212, -1.08022e-06, 7.33622, -1.41784e-07 )
bones/29/enabled = true
bones/29/bound_children = [  ]
bones/30/name = "l_wrist"
bones/30/parent = 29
bones/30/rest = Transform( 0.988978, 0.0167835, -0.147103, 0.0824074, 0.76309, 0.641033, 0.123011, -0.646144, 0.753233, -5.09783e-08, 7.77095, 3.35219e-07 )
bones/30/enabled = true
bones/30/bound_children = [  ]
bones/31/name = "l_middle_low"
bones/31/parent = 30
bones/31/rest = Transform( 0.97657, 0.214058, 0.0221297, -0.105296, 0.564981, -0.818358, -0.187679, 0.796854, 0.574283, -0.220174, 2.64124, 0.0340156 )
bones/31/enabled = true
bones/31/bound_children = [  ]
bones/32/name = "l_middle_mid"
bones/32/parent = 31
bones/32/rest = Transform( 0.974025, 0.196743, 0.112106, -0.0873763, 0.783289, -0.615488, -0.208904, 0.589705, 0.780133, 7.45483e-07, 0.914253, -1.45224e-07 )
bones/32/enabled = true
bones/32/bound_children = [  ]
bones/33/name = "l_middle_tip"
bones/33/parent = 32
bones/33/rest = Transform( 0.999731, 0.0145593, -0.018016, -0.0191597, 0.956857, -0.289926, 0.0130176, 0.290194, 0.956876, 2.96203e-07, 0.646359, 1.51095e-06 )
bones/33/enabled = true
bones/33/bound_children = [  ]
bones/34/name = "l_ring_low"
bones/34/parent = 30
bones/34/rest = Transform( 0.974733, 0.170983, 0.143738, 0.0356605, 0.51612, -0.855774, -0.220509, 0.839277, 0.496981, 0.317555, 2.52963, 0.0117122 )
bones/34/enabled = true
bones/34/bound_children = [  ]
bones/35/name = "l_ring_mid"
bones/35/parent = 34
bones/35/rest = Transform( 0.998802, 0.0434479, -0.0225023, -0.0479163, 0.775453, -0.629585, -0.00990465, 0.62991, 0.776605, 7.31253e-07, 0.904595, 3.05736e-07 )
bones/35/enabled = true
bones/35/bound_children = [  ]
bones/36/name = "l_ring_tip"
bones/36/parent = 35
bones/36/rest = Transform( 0.997104, 0.0749748, -0.0126771, -0.0747462, 0.935823, -0.344454, -0.0139619, 0.344406, 0.938714, -1.06861e-06, 0.607356, -2.2492e-07 )
bones/36/enabled = true
bones/36/bound_children = [  ]
bones/37/name = "l_index_low"
bones/37/parent = 30
bones/37/rest = Transform( 0.936915, 0.341546, 0.0744078, -0.169312, 0.629632, -0.758221, -0.305817, 0.69779, 0.64774, -0.800347, 2.61394, 0.109377 )
bones/37/enabled = true
bones/37/bound_children = [  ]
bones/38/name = "l_index_mid"
bones/38/parent = 37
bones/38/rest = Transform( 0.986661, 0.157192, 0.0423286, -0.126619, 0.904454, -0.407345, -0.102316, 0.396552, 0.912292, 2.51843e-07, 0.90553, 7.24717e-07 )
bones/38/enabled = true
bones/38/bound_children = [  ]
bones/39/name = "l_index_tip"
bones/39/parent = 38
bones/39/rest = Transform( 0.998682, 0.038004, -0.0344883, -0.0463607, 0.956301, -0.28869, 0.0220098, 0.289909, 0.956801, 2.24275e-07, 0.516181, -5.33499e-07 )
bones/39/enabled = true
bones/39/bound_children = [  ]
bones/40/name = "l_pinky_low"
bones/40/parent = 30
bones/40/rest = Transform( 0.990594, 0.113394, 0.0765813, 0.0183201, 0.444725, -0.89548, -0.1356, 0.88846, 0.438465, 0.814791, 2.38286, 0.057696 )
bones/40/enabled = true
bones/40/bound_children = [  ]
bones/41/name = "l_pinky_mid"
bones/41/parent = 40
bones/41/rest = Transform( -0.99778, -0.00604206, 0.064336, 0.022483, 0.900984, 0.433411, -0.0605703, 0.433965, -0.898936, 1.52535e-07, 0.640315, -1.35188e-07 )
bones/41/enabled = true
bones/41/bound_children = [  ]
bones/42/name = "l_pinky_tip"
bones/42/parent = 41
bones/42/rest = Transform( -0.999457, -0.00843252, -0.0318168, 0.00857489, 0.866561, -0.499012, 0.031779, -0.499027, -0.865997, 1.78858e-07, 0.474271, 8.99017e-07 )
bones/42/enabled = true
bones/42/bound_children = [  ]
bones/43/name = "l_thumb_low"
bones/43/parent = 30
bones/43/rest = Transform( 0.523601, -0.393015, 0.755898, 0.697097, 0.707709, -0.11491, -0.489794, 0.587101, 0.644526, -0.917992, 0.939309, 0.483721 )
bones/43/enabled = true
bones/43/bound_children = [  ]
bones/44/name = "l_thumb_mid"
bones/44/parent = 43
bones/44/rest = Transform( -0.650079, 0.750247, 0.120527, 0.733128, 0.660971, -0.16013, -0.199802, -0.0157355, -0.97971, 5.74928e-07, 0.827785, -6.45555e-08 )
bones/44/enabled = true
bones/44/bound_children = [  ]
bones/45/name = "l_thumb_tip"
bones/45/parent = 44
bones/45/rest = Transform( -0.880154, -0.461526, 0.111011, -0.471728, 0.876489, -0.0961211, -0.052938, -0.136968, -0.98916, -4.6162e-07, 0.92585, 2.11018e-07 )
bones/45/enabled = true
bones/45/bound_children = [  ]
bones/46/name = "l_thumb_mid_2"
bones/46/parent = 44
bones/46/rest = Transform( -0.107592, -0.988433, 0.10688, -0.994157, 0.106023, -0.0202774, 0.00871105, -0.108438, -0.994065, 0.162381, 0.567399, 0.025593 )
bones/46/enabled = true
bones/46/bound_children = [  ]
bones/47/name = "l_armtwist_1"
bones/47/parent = 29
bones/47/rest = Transform( 0.999998, -0.00164048, 0.0010048, 0.00163861, 0.999997, 0.00186061, -0.00100785, -0.00185896, 0.999998, 3.51342e-07, -4.14289e-07, 2.20422e-06 )
bones/47/enabled = true
bones/47/bound_children = [  ]
bones/48/name = "l_armtwist_2"
bones/48/parent = 47
bones/48/rest = Transform( 0.999519, -5.42539e-06, -0.0309879, 5.42137e-06, 1, -2.13479e-07, 0.0309878, 4.53793e-08, 0.999521, 0.0144311, 3.34867, 0.0163967 )
bones/48/enabled = true
bones/48/bound_children = [  ]
bones/49/name = "l_armtwist_3"
bones/49/parent = 47
bones/49/rest = Transform( 0.998097, -5.61876e-06, -0.061638, 4.93997e-06, 1, -1.11649e-05, 0.0616379, 1.08391e-05, 0.998099, 0.0144138, 4.92551, 0.0163974 )
bones/49/enabled = true
bones/49/bound_children = [  ]
bones/50/name = "l_armtwist_4"
bones/50/parent = 47
bones/50/rest = Transform( 0.995644, 1.82602e-08, -0.093227, -5.25488e-07, 1, -5.41625e-06, 0.0932269, 5.44164e-06, 0.995646, 0.0143954, 6.32433, 0.0164002 )
bones/50/enabled = true
bones/50/bound_children = [  ]
bones/51/name = "watch"
bones/51/parent = 50
bones/51/rest = Transform( 1, 0.000387502, 0.000244757, -0.000387513, 1, 4.38573e-05, -0.00024474, -4.39521e-05, 1, -0.00467322, 0.918672, -0.00526286 )
bones/51/enabled = true
bones/51/bound_children = [  ]
bones/52/name = "magazine"
bones/52/parent = -1
bones/52/rest = Transform( 1, -2.98023e-08, 1.78814e-07, -2.98023e-08, -1, -6.21725e-15, 1.78814e-07, 8.88178e-16, -1, -1.54895, -1.03355, 6.39425 )
bones/52/enabled = true
bones/52/bound_children = [  ]
bones/53/name = "bullet"
bones/53/parent = 52
bones/53/rest = Transform( -1.07288e-06, 0, 1, 0, -1, 0, 1, 0, 9.53674e-07, -0.0125944, -0.0352051, -0.0486333 )
bones/53/enabled = true
bones/53/bound_children = [  ]
bones/54/name = "gun"
bones/54/parent = -1
bones/54/rest = Transform( 1, 0, 1.19209e-07, 0, -1, 0, 1.19209e-07, 0, -1, -1.55243, -1.19041, 6.89278 )
bones/54/enabled = true
bones/54/bound_children = [  ]
bones/55/name = "muzzle"
bones/55/parent = 54
bones/55/rest = Transform( 1, -1.18744e-07, 0, 0, 0, -1, 1.18744e-07, 1, 0, 0.0093547, -0.339349, -3.03401 )
bones/55/enabled = true
bones/55/bound_children = [  ]
bones/56/name = "shell"
bones/56/parent = 54
bones/56/rest = Transform( 1, -1.30385e-07, 0, 0, 0, -1, 1.30385e-07, 1, 0, -0.0906455, -0.439349, -0.484008 )
bones/56/enabled = true
bones/56/bound_children = [  ]
bones/57/name = "slide"
bones/57/parent = 54
bones/57/rest = Transform( 1, 1.19326e-07, 1.50996e-07, -1.50996e-07, 0, 1, 1.19326e-07, -1, 0, 0.00208049, -0.355232, 1.47452 )
bones/57/enabled = true
bones/57/bound_children = [  ]
bones/58/name = "trigger"
bones/58/parent = 54
bones/58/rest = Transform( 1, 4.32356e-08, 1.91309e-07, -1.11193e-07, 0.928477, 0.37139, -1.61568e-07, -0.37139, 0.928477, 0.00912431, 0.233938, -0.373087 )
bones/58/enabled = true
bones/58/bound_children = [  ]

[node name="Glock" type="MeshInstance" parent="."]
mesh = ExtResource( 4 )
material/0 = null
material/1 = null

[node name="Bullet" type="MeshInstance" parent="."]
mesh = ExtResource( 1 )
material/0 = null

[node name="Mag" type="MeshInstance" parent="."]
mesh = ExtResource( 2 )
material/0 = null
