[gd_resource type="Skin" format=2]

[resource]
resource_name = "Skin"
bind_count = 59
bind/0/name = "r_IK"
bind/0/bone = -1
bind/0/pose = Transform( 4.22438e-05, -1, 0, 0, 0, 1, -1, -4.22438e-05, 0, -5.18342, -13.507, -5.49782 )
bind/1/name = "l_IK"
bind/1/bone = -1
bind/1/pose = Transform( -2.61823e-05, -1, 0, 0, 0, 1, -1, 2.61823e-05, 0, -5.18351, -13.507, 5.49774 )
bind/2/name = "root"
bind/2/bone = -1
bind/2/pose = Transform( -1, -4.76837e-07, -5.68434e-14, -5.68434e-14, -2.7105e-20, 1, -4.76837e-07, 1, -2.7105e-20, 0, 0, 0 )
bind/3/name = "r_pole"
bind/3/bone = -1
bind/3/pose = Transform( 1, -6.27787e-07, 4.56453e-11, 6.27787e-07, 1, 1.2202e-12, -4.56453e-11, 2.85927e-17, 1, 12.0431, 5.18009, -5.79983 )
bind/4/name = "l_pole"
bind/4/bone = -1
bind/4/pose = Transform( 1, -6.27787e-07, 4.56453e-11, 6.27787e-07, 1, 1.2202e-12, -4.56453e-11, 2.85927e-17, 1, -12.0431, 5.18007, -5.79983 )
bind/5/name = "camera_controller"
bind/5/bone = -1
bind/5/pose = Transform( 1, -6.27833e-07, -1.31057e-13, -1.35525e-20, -2.08745e-07, 1, -6.27833e-07, -1, -2.08745e-07, 1.13691e-13, 2.14838e-14, 1.02919e-07 )
bind/6/name = "r_upperarm"
bind/6/bone = -1
bind/6/pose = Transform( 0.00185007, -0.9998, -0.0190883, -0.0642201, -0.0191669, 0.997752, -0.997933, -0.000610366, -0.0642438, -5.11853, 1.1632, -5.05815 )
bind/7/name = "r_forearm"
bind/7/bone = -1
bind/7/pose = Transform( -0.00108117, -0.999958, 0.00712998, -0.0080915, 0.00713835, 0.999942, -0.999965, 0.0010331, -0.00809899, -5.28569, -5.74273, -5.38266 )
bind/8/name = "r_wrist"
bind/8/bone = -1
bind/8/pose = Transform( 4.39284e-05, -0.999984, -3.55106e-11, -2.97976e-08, -1.06239e-07, 1, -0.999999, -3.4233e-05, 9.3132e-10, -5.18333, -13.507, -5.49777 )
bind/9/name = "r_middle_low"
bind/9/bone = -1
bind/9/pose = Transform( 0.010489, -0.996856, 0.0783354, 0.156559, 0.0790079, 0.984503, -0.987611, 0.00194713, 0.156898, -6.15554, -14.6504, -7.91987 )
bind/10/name = "r_middle_mid"
bind/10/bone = -1
bind/10/pose = Transform( -0.0816043, -0.996236, 0.0286519, 0.404467, -0.00683296, 0.914527, -0.910903, 0.0862256, 0.403509, -5.79547, -13.4726, -11.3038 )
bind/11/name = "r_middle_tip"
bind/11/bone = -1
bind/11/pose = Transform( -0.0911746, -0.995168, 0.0359719, 0.558049, -0.0211469, 0.829538, -0.824783, 0.0957134, 0.55729, -5.96778, -11.9129, -13.5343 )
bind/12/name = "r_ring_low"
bind/12/bone = -1
bind/12/pose = Transform( 0.120339, -0.992644, 0.012126, 0.185466, 0.034478, 0.982045, -0.975253, -0.115919, 0.188255, -4.99504, -14.5416, -9.00677 )
bind/13/name = "r_ring_mid"
bind/13/bone = -1
bind/13/pose = Transform( 0.0807512, -0.996159, -0.0334079, 0.46998, 0.00849228, 0.882636, -0.878974, -0.0869652, 0.468869, -4.45414, -12.3927, -13.0858 )
bind/14/name = "r_ring_tip"
bind/14/bone = -1
bind/14/pose = Transform( 0.0306609, -0.995479, -0.0897197, 0.661427, -0.0470957, 0.748529, -0.749381, -0.0822852, 0.657004, -3.71926, -9.99873, -15.693 )
bind/15/name = "r_index_low"
bind/15/bone = -1
bind/15/pose = Transform( -0.155001, -0.984733, 0.0789968, 0.0651659, 0.0695956, 0.995444, -0.985761, 0.15945, 0.0533846, -6.42506, -15.3913, -5.47322 )
bind/16/name = "r_index_mid"
bind/16/bone = -1
bind/16/pose = Transform( -0.162904, -0.985921, 0.0372512, 0.391117, -0.0298723, 0.919856, -0.905807, 0.164424, 0.390483, -5.7617, -13.7028, -10.7638 )
bind/17/name = "r_index_tip"
bind/17/bone = -1
bind/17/pose = Transform( -0.179698, -0.983134, 0.0334731, 0.422621, -0.046433, 0.905116, -0.888311, 0.1768, 0.423845, -5.76962, -13.8713, -11.2042 )
bind/18/name = "r_pinky_low"
bind/18/bone = -1
bind/18/pose = Transform( 0.14425, -0.987655, -0.0608335, 0.260736, -0.0213694, 0.965173, -0.954571, -0.155076, 0.254439, -4.17307, -14.0463, -10.166 )
bind/19/name = "r_pinky_mid"
bind/19/bone = -1
bind/19/pose = Transform( -0.0864506, 0.994618, 0.0568377, 0.398287, -0.0177921, 0.917088, 0.913176, 0.10191, -0.394612, 4.58567, -13.146, 11.942 )
bind/20/name = "r_pinky_tip"
bind/20/bone = -1
bind/20/pose = Transform( 0.105878, -0.983379, -0.147398, 0.687691, -0.0346588, 0.725175, -0.718239, -0.178135, 0.672603, -2.88489, -8.99891, -16.1198 )
bind/21/name = "r_thumb_low"
bind/21/bone = -1
bind/21/pose = Transform( -0.0888149, -0.684439, 0.723628, 0.599577, 0.543378, 0.587563, -0.795372, 0.486056, 0.362121, -13.8646, -3.14476, -7.1654 )
bind/22/name = "r_thumb_mid"
bind/22/bone = -1
bind/22/pose = Transform( -0.117896, -0.958943, 0.257868, 0.355803, 0.201638, 0.912548, -0.927093, 0.199342, 0.317428, -8.08471, -11.2589, -8.19925 )
bind/23/name = "r_thumb_tip"
bind/23/bone = -1
bind/23/pose = Transform( -0.174515, -0.971084, 0.162809, 0.362179, 0.0904425, 0.92771, -0.915624, 0.220871, 0.335928, -6.86777, -12.784, -8.36393 )
bind/24/name = "r_armtwist_1"
bind/24/bone = -1
bind/24/pose = Transform( -0.00107394, -0.999945, 0.00876729, -0.00995146, 0.0087774, 0.999912, -0.999948, 0.000996275, -0.00996048, -5.29497, -5.74407, -5.37208 )
bind/25/name = "r_armtwist_2"
bind/25/bone = -1
bind/25/pose = Transform( -0.000898357, -0.999945, 0.00877456, -0.00995149, 0.00878292, 0.999912, -0.999949, 0.000820641, -0.00995898, -5.3085, -9.09271, -5.35661 )
bind/26/name = "r_armtwist_3"
bind/26/bone = -1
bind/26/pose = Transform( -0.000365199, -0.999945, 0.00877987, -0.0099406, 0.00878291, 0.999912, -0.999949, 0.000287581, -0.00994341, -5.30563, -10.6695, -5.35955 )
bind/27/name = "r_armtwist_4"
bind/27/bone = -1
bind/27/pose = Transform( 0.000471577, -0.999945, 0.00878271, -0.00994602, 0.00877744, 0.999912, -0.999949, -0.000549185, -0.00994148, -5.30107, -12.0684, -5.36394 )
bind/28/name = "l_upperarm"
bind/28/bone = -1
bind/28/pose = Transform( 0.00143852, -0.999797, -0.0192999, 0.0642208, -0.0191692, 0.997752, -0.997933, -0.00268448, 0.0641805, -5.13517, 1.16318, 5.04125 )
bind/29/name = "l_forearm"
bind/29/bone = -1
bind/29/pose = Transform( -0.000659833, -0.999958, 0.00714407, 0.00809219, 0.00713609, 0.999942, -0.999965, 0.000707926, 0.00808658, -5.27631, -5.74274, 5.39185 )
bind/30/name = "l_wrist"
bind/30/bone = -1
bind/30/pose = Transform( -4.00004e-05, -0.999984, 9.51229e-12, 7.0119e-07, -2.37217e-06, 1, -0.999999, 3.03496e-05, -9.31321e-10, -5.18335, -13.507, 5.49775 )
bind/31/name = "l_middle_low"
bind/31/bone = -1
bind/31/pose = Transform( 0.0104941, -0.99659, 0.0816509, -0.156558, 0.0790057, 0.984503, -0.987612, -0.0231234, -0.155199, -6.3224, -14.6505, 7.78731 )
bind/32/name = "l_middle_mid"
bind/32/bone = -1
bind/32/pose = Transform( 0.156935, -0.985641, 0.0620475, -0.404466, -0.00683503, 0.914527, -0.900986, -0.168623, -0.399738, -6.71378, -13.4726, 10.7837 )
bind/33/name = "l_middle_tip"
bind/33/bone = -1
bind/33/pose = Transform( 0.125398, -0.990326, 0.0591185, -0.558048, -0.0211487, 0.829538, -0.820277, -0.137018, -0.555312, -6.52551, -11.9129, 13.2744 )
bind/34/name = "l_ring_low"
bind/34/bone = -1
bind/34/pose = Transform( 0.120331, -0.991049, 0.0575228, -0.185466, 0.0344758, 0.982045, -0.975254, -0.128847, -0.179661, -7.03457, -14.5416, 7.52246 )
bind/35/name = "l_ring_mid"
bind/35/bone = -1
bind/35/pose = Transform( 0.0807575, -0.995329, 0.0525834, -0.46998, 0.00849027, 0.882636, -0.878974, -0.0959986, -0.467107, -6.76393, -12.3927, 12.0551 )
bind/36/name = "l_ring_tip"
bind/36/bone = -1
bind/36/pose = Transform( 0.0958585, -0.995133, 0.0220993, -0.661426, -0.0470974, 0.748529, -0.743857, -0.0863742, -0.662733, -6.30656, -9.99874, 14.8436 )
bind/37/name = "l_index_low"
bind/37/bone = -1
bind/37/pose = Transform( 0.10542, -0.991485, 0.076223, -0.0651652, 0.0695933, 0.995444, -0.992289, -0.109915, -0.0572753, -6.14279, -15.3913, 5.78824 )
bind/38/name = "l_index_mid"
bind/38/bone = -1
bind/38/pose = Transform( 0.156724, -0.987019, 0.034588, -0.391116, -0.0298744, 0.919856, -0.906897, -0.157697, -0.390728, -5.68818, -13.7028, 10.8029 )
bind/39/name = "l_index_tip"
bind/39/bone = -1
bind/39/pose = Transform( 0.134925, -0.990764, 0.0121762, -0.422621, -0.0464351, 0.905115, -0.896205, -0.127275, -0.424991, -5.2005, -13.8713, 11.4795 )
bind/40/name = "l_pinky_low"
bind/40/bone = -1
bind/40/pose = Transform( 0.144242, -0.989378, 0.0170629, -0.260735, -0.0213715, 0.965173, -0.954572, -0.143674, -0.261053, -6.99053, -14.0463, 8.47903 )
bind/41/name = "l_pinky_mid"
bind/41/bone = -1
bind/41/pose = Transform( -0.0864537, 0.996072, -0.0182257, -0.398286, -0.0177942, 0.917087, 0.913176, 0.0865513, 0.398268, 6.74526, -13.146, -10.8693 )
bind/42/name = "l_pinky_tip"
bind/42/bone = -1
bind/42/pose = Transform( 0.105886, -0.99295, 0.0529637, -0.68769, -0.0346605, 0.725174, -0.718239, -0.113212, -0.686525, -7.41381, -8.99891, 14.6016 )
bind/43/name = "l_thumb_low"
bind/43/bone = -1
bind/43/pose = Transform( 0.192302, -0.633147, 0.749754, -0.615009, 0.517589, 0.594851, -0.76471, -0.575495, -0.289862, -14.4961, -3.30196, 5.56677 )
bind/44/name = "l_thumb_mid"
bind/44/bone = -1
bind/44/pose = Transform( -0.244936, 0.931447, -0.269039, -0.35632, 0.171581, 0.918473, 0.901688, 0.320834, 0.289871, 8.6966, -11.4573, -7.16113 )
bind/45/name = "l_thumb_tip"
bind/45/bone = -1
bind/45/pose = Transform( 0.234243, -0.958055, 0.165007, -0.377661, 0.0667162, 0.923536, -0.895823, -0.278652, -0.346199, -7.10726, -12.7597, 8.18117 )
bind/46/name = "l_thumb_mid_2"
bind/46/bone = -1
bind/46/pose = Transform( 0.388445, -0.268001, -0.881635, 0.106548, -0.937272, 0.331874, -0.91529, -0.222856, -0.33553, 10.9736, -8.93108, 8.30004 )
bind/47/name = "l_armtwist_1"
bind/47/bone = -1
bind/47/pose = Transform( 0.000361226, -0.999945, 0.00877444, 0.00995217, 0.00877518, 0.999912, -0.999949, -0.000283538, 0.00995427, -5.29114, -5.74409, 5.37585 )
bind/48/name = "l_armtwist_2"
bind/48/bone = -1
bind/48/pose = Transform( 0.000185796, -0.999945, 0.00878165, 0.00995219, 0.00878065, 0.999912, -0.999949, -0.000108055, 0.00995275, -5.30468, -9.09273, 5.36039 )
bind/49/name = "l_armtwist_3"
bind/49/bone = -1
bind/49/pose = Transform( 0.000318791, -0.999945, 0.00878036, 0.00994127, 0.00878068, 0.999912, -0.999949, -0.000241144, 0.009943, -5.30539, -10.6695, 5.3598 )
bind/50/name = "l_armtwist_4"
bind/50/bone = -1
bind/50/pose = Transform( -0.000549408, -0.999945, 0.00878349, 0.00994667, 0.00877518, 0.999912, -0.999949, 0.000627044, 0.00994077, -5.30065, -12.0684, 5.36435 )
bind/51/name = "watch"
bind/51/bone = -1
bind/51/pose = Transform( -0.000308491, -0.999949, 0.00839358, 0.00999041, 0.00838767, 0.999915, -0.999949, 0.000382641, 0.00998678, -5.29226, -12.9893, 5.36774 )
bind/52/name = "magazine"
bind/52/bone = -1
bind/52/pose = Transform( 1, 0, 1.19209e-07, 0, -1, 0, 1.19209e-07, 0, -1, 1.54895, -1.03355, 6.39425 )
bind/53/name = "bullet"
bind/53/bone = -1
bind/53/pose = Transform( -7.90754e-07, 0, -1, 0, 1, 0, 1, 0, -7.90754e-07, 6.44289, 0.998348, 1.56155 )
bind/54/name = "gun"
bind/54/bone = -1
bind/54/pose = Transform( 1, 0, 1.19209e-07, 0, -1, 0, 1.19209e-07, 0, -1, 1.55243, -1.19041, 6.89278 )
bind/55/name = "muzzle"
bind/55/bone = -1
bind/55/pose = Transform( 1, 1.6743e-21, 4.65548e-10, 4.65548e-10, 1.41001e-14, -1, -1.6743e-21, 1, -7.79464e-31, 1.54308, 9.92679, 0.851063 )
bind/56/name = "shell"
bind/56/bone = -1
bind/56/pose = Transform( 1, 2.21659e-21, -1.1176e-08, -1.1176e-08, 1.70003e-14, -1, -2.21659e-21, 1, 2.47726e-29, 1.64308, 7.37679, 0.751063 )
bind/57/name = "slide"
bind/57/bone = -1
bind/57/pose = Transform( 1, 1.50996e-07, -1.16316e-10, 1.16316e-10, 1.42386e-14, 1, 1.50996e-07, -1, -1.75632e-17, 1.55035, -5.41826, -0.835179 )
bind/58/name = "trigger"
bind/58/bone = -1
bind/58/pose = Transform( 1, 1.11193e-07, 2.80778e-07, -1.03761e-09, -0.928477, 0.37139, 3.01992e-07, -0.37139, -0.928477, 1.54331, -4.02095, 6.2172 )
