[gd_scene load_steps=3 format=2]

[ext_resource path="res://Assets/3D/Weapons/M4/M4.tres" type="ArrayMesh" id=1]
[ext_resource path="res://Assets/Animations/Weapons/M4/M4 Skin.tres" type="Skin" id=2]

[node name="M4 Skeleton" type="Skeleton"]
bones/0/name = "root"
bones/0/parent = -1
bones/0/rest = Transform( -1, -7.10543e-14, -4.76837e-07, -4.76837e-07, 0, 1, -7.10543e-14, 1, 0, 0, 0, 0 )
bones/0/enabled = true
bones/0/bound_children = [  ]
bones/1/name = "camera_target"
bones/1/parent = 0
bones/1/rest = Transform( 1, -4.76837e-07, 1.50996e-07, 1.50996e-07, 0, -1, 4.76837e-07, 1, 0, 2.94581e-12, 34.8646, 1.19219e-07 )
bones/1/enabled = true
bones/1/bound_children = [  ]
bones/2/name = "r_pole"
bones/2/parent = 0
bones/2/rest = Transform( -1, -9.53674e-07, -8.74228e-08, -8.74228e-08, 0, 1, -9.53674e-07, 1, 0, 11.1634, 6.71784, -11.9239 )
bones/2/enabled = true
bones/2/bound_children = [  ]
bones/3/name = "l_pole"
bones/3/parent = 0
bones/3/rest = Transform( -1, -9.53674e-07, -8.74228e-08, -8.74228e-08, 0, 1, -9.53674e-07, 1, 0, -13.9494, 6.71784, -6.00001 )
bones/3/enabled = true
bones/3/bound_children = [  ]
bones/4/name = "camera_controller"
bones/4/parent = 0
bones/4/rest = Transform( 1, -8.74228e-08, -4.76837e-07, 8.74228e-08, 1, -2.84153e-13, 4.76837e-07, 2.42466e-13, 1, 0, 0, 1.19209e-07 )
bones/4/enabled = true
bones/4/bound_children = [  ]
bones/5/name = "r_upperarm"
bones/5/parent = -1
bones/5/rest = Transform( 0.587648, -0.445447, -0.675489, -0.476678, -0.865191, 0.155846, -0.653849, 0.230407, -0.720715, -5.74924, -5.90552, -1.83384 )
bones/5/enabled = true
bones/5/bound_children = [  ]
bones/6/name = "r_forearm"
bones/6/parent = 5
bones/6/rest = Transform( 0.669093, -0.232661, -0.705821, 0.234093, -0.83542, 0.497274, -0.705363, -0.497954, -0.504495, -5.97911e-07, 8.49741, -3.6441e-07 )
bones/6/enabled = true
bones/6/bound_children = [  ]
bones/7/name = "r_wrist"
bones/7/parent = 6
bones/7/rest = Transform( 0.631103, 0.125668, -0.765434, -0.756379, 0.318497, -0.571343, 0.171985, 0.939587, 0.296047, 2.57701e-07, 9.00095, 1.21377e-08 )
bones/7/enabled = true
bones/7/bound_children = [  ]
bones/8/name = "r_middle_low"
bones/8/parent = 7
bones/8/rest = Transform( 0.978546, -0.161712, 0.127664, -0.0887769, 0.228214, 0.969555, -0.185923, -0.960087, 0.208962, -0.256596, 3.03562, -0.105435 )
bones/8/enabled = true
bones/8/bound_children = [  ]
bones/9/name = "r_middle_mid"
bones/9/parent = 8
bones/9/rest = Transform( 0.988829, 0.0635725, 0.134817, -0.147729, 0.297677, 0.943167, 0.0198277, -0.952548, 0.303743, -2.58593e-07, 1.05897, 1.40571e-07 )
bones/9/enabled = true
bones/9/bound_children = [  ]
bones/10/name = "r_middle_tip"
bones/10/parent = 9
bones/10/rest = Transform( 0.997947, -0.0269534, 0.0581037, -0.0272476, 0.642324, 0.765949, -0.0579663, -0.765959, 0.640271, 2.10056e-07, 0.748667, 2.70078e-07 )
bones/10/enabled = true
bones/10/bound_children = [  ]
bones/11/name = "r_ring_low"
bones/11/parent = 7
bones/11/rest = Transform( 0.96302, -0.121644, 0.240407, -0.214164, 0.195805, 0.956971, -0.163483, -0.973069, 0.162512, 0.370503, 2.9441, -0.0447745 )
bones/11/enabled = true
bones/11/bound_children = [  ]
bones/12/name = "r_ring_mid"
bones/12/parent = 11
bones/12/rest = Transform( 0.966874, 0.139922, 0.213486, -0.24899, 0.332855, 0.909512, 0.056201, -0.932539, 0.356669, 3.93152e-07, 1.04778, 7.47603e-07 )
bones/12/enabled = true
bones/12/bound_children = [  ]
bones/13/name = "r_ring_tip"
bones/13/parent = 12
bones/13/rest = Transform( 0.987795, 0.124168, 0.094039, -0.155503, 0.751534, 0.641104, 0.00893098, -0.647903, 0.76167, 1.10129e-06, 0.703489, 4.53078e-07 )
bones/13/enabled = true
bones/13/bound_children = [  ]
bones/14/name = "r_index_low"
bones/14/parent = 7
bones/14/rest = Transform( 0.984743, -0.0695941, -0.15949, 0.0789966, 0.995444, 0.0533846, 0.155049, -0.0651693, 0.985755, -0.927024, 3.02769, -0.126692 )
bones/14/enabled = true
bones/14/bound_children = [  ]
bones/15/name = "r_index_mid"
bones/15/parent = 14
bones/15/rest = Transform( 0.997625, -0.0661942, -0.01904, 0.0522208, 0.546637, 0.835739, -0.0449131, -0.834749, 0.548796, 1.83268e-07, 1.04886, 3.8861e-07 )
bones/15/enabled = true
bones/15/bound_children = [  ]
bones/16/name = "r_index_tip"
bones/16/parent = 15
bones/16/rest = Transform( 0.991086, -0.0973887, -0.0909034, 0.132642, 0.657798, 0.741423, -0.0124102, -0.746872, 0.664852, -4.74226e-07, 0.597885, 1.03616e-07 )
bones/16/enabled = true
bones/16/bound_children = [  ]
bones/17/name = "r_pinky_low"
bones/17/parent = 7
bones/17/rest = Transform( 0.959278, -0.076035, 0.272037, -0.262669, 0.114056, 0.958121, -0.103878, -0.99056, 0.0894399, 0.942644, 2.76963, 0.0304184 )
bones/17/enabled = true
bones/17/bound_children = [  ]
bones/18/name = "r_pinky_mid"
bones/18/parent = 17
bones/18/rest = Transform( -0.986233, 0.152219, -0.0646081, 0.154176, 0.705163, -0.69208, -0.0597885, -0.692513, -0.718923, 5.04344e-08, 0.741666, -2.88919e-07 )
bones/18/enabled = true
bones/18/bound_children = [  ]
bones/19/name = "r_pinky_tip"
bones/19/parent = 18
bones/19/rest = Transform( -0.995876, -0.050908, -0.0751022, -0.0726452, 0.943307, 0.323873, 0.0543567, 0.327993, -0.943115, -8.87952e-09, 0.549339, 2.02818e-06 )
bones/19/enabled = true
bones/19/bound_children = [  ]
bones/20/name = "r_thumb_low"
bones/20/parent = 7
bones/20/rest = Transform( 0.694846, -0.543366, -0.471107, 0.712159, 0.611059, 0.345594, 0.10009, -0.575638, 0.811556, -1.02567, 1.03883, -0.698046 )
bones/20/enabled = true
bones/20/bound_children = [  ]
bones/21/name = "r_thumb_mid"
bones/21/parent = 20
bones/21/rest = Transform( 0.870034, 0.463895, 0.16686, -0.416268, 0.872608, -0.255492, -0.264125, 0.152829, 0.952303, -7.17762e-07, 0.958806, -1.76076e-06 )
bones/21/enabled = true
bones/21/bound_children = [  ]
bones/22/name = "r_thumb_tip"
bones/22/parent = 21
bones/22/rest = Transform( 0.988864, 0.147056, -0.0228616, -0.147021, 0.989128, 0.00322885, 0.0230879, 0.000168231, 0.999733, -1.98048e-07, 0.944533, 1.06191e-06 )
bones/22/enabled = true
bones/22/bound_children = [  ]
bones/23/name = "r_armtwist_1"
bones/23/parent = 6
bones/23/rest = Transform( 0.999998, -0.00163753, 0.0012694, 0.00163989, 0.999997, -0.00185885, -0.00126635, 0.00186093, 0.999998, 5.44522e-07, -1.95538e-06, -2.59767e-06 )
bones/23/enabled = true
bones/23/bound_children = [  ]
bones/24/name = "r_armtwist_2"
bones/24/parent = 23
bones/24/rest = Transform( 0.999118, -1.22457e-07, -0.0419918, 1.14247e-07, 1, -1.97923e-07, 0.0419918, 1.92951e-07, 0.999119, 0.0167138, 3.8787, -0.0189911 )
bones/24/enabled = true
bones/24/bound_children = [  ]
bones/25/name = "r_armtwist_3"
bones/25/parent = 23
bones/25/rest = Transform( 0.996511, -3.99347e-08, -0.0834556, 4.40401e-07, 1, 4.78015e-06, 0.0834556, -4.80022e-06, 0.996512, 0.0166979, 5.70513, -0.0189863 )
bones/25/enabled = true
bones/25/bound_children = [  ]
bones/26/name = "r_armtwist_4"
bones/26/parent = 23
bones/26/rest = Transform( 0.992051, 4.38766e-06, -0.125839, -3.76854e-06, 1, 5.15796e-06, 0.125839, -4.64273e-06, 0.992051, 0.0166794, 7.32536, -0.0189857 )
bones/26/enabled = true
bones/26/bound_children = [  ]
bones/27/name = "l_upperarm"
bones/27/parent = -1
bones/27/rest = Transform( 0.0752596, -0.108648, -0.991231, -0.976703, -0.208649, -0.0512783, -0.201259, 0.971939, -0.121813, 5.74924, -5.90552, -1.83384 )
bones/27/enabled = true
bones/27/bound_children = [  ]
bones/28/name = "l_forearm"
bones/28/parent = 27
bones/28/rest = Transform( 0.941986, -0.313081, 0.121061, 0.311056, 0.678569, -0.665421, 0.126184, 0.664464, 0.736588, 1.95999e-06, 8.49741, 5.45414e-07 )
bones/28/enabled = true
bones/28/bound_children = [  ]
bones/29/name = "l_wrist"
bones/29/parent = 28
bones/29/rest = Transform( 0.999952, 0.00786232, 0.00577053, -0.00946041, 0.925743, 0.378042, -0.00236974, -0.378081, 0.925767, 1.53835e-06, 9.00096, -5.73136e-07 )
bones/29/enabled = true
bones/29/bound_children = [  ]
bones/30/name = "l_middle_low"
bones/30/parent = 29
bones/30/rest = Transform( 0.98503, -0.14409, -0.0946292, -0.0550689, 0.257157, -0.964799, 0.163352, 0.955567, 0.245372, -0.25497, 3.0384, 0.131609 )
bones/30/enabled = true
bones/30/bound_children = [  ]
bones/31/name = "l_middle_mid"
bones/31/parent = 30
bones/31/rest = Transform( 0.994295, -0.106162, -0.0103355, 0.00213255, 0.116664, -0.993169, 0.106643, 0.987481, 0.116224, -8.94567e-07, 1.05896, -9.00821e-08 )
bones/31/enabled = true
bones/31/bound_children = [  ]
bones/32/name = "l_middle_tip"
bones/32/parent = 31
bones/32/rest = Transform( 0.999487, -0.0152683, -0.028138, 0.0101087, 0.984492, -0.175136, 0.0303757, 0.174762, 0.984142, -1.05792e-07, 0.748667, -2.90462e-07 )
bones/32/enabled = true
bones/32/bound_children = [  ]
bones/33/name = "l_ring_low"
bones/33/parent = 29
bones/33/rest = Transform( 0.992578, -0.121474, 0.00564856, 0.0143384, 0.0707819, -0.997389, 0.120757, 0.990068, 0.0719984, 0.371497, 2.94969, 0.0610231 )
bones/33/enabled = true
bones/33/bound_children = [  ]
bones/34/name = "l_ring_mid"
bones/34/parent = 33
bones/34/rest = Transform( 0.94259, -0.29159, -0.162787, -0.0775359, 0.283049, -0.955966, 0.324827, 0.913706, 0.244191, -1.38758e-06, 1.04778, -1.07086e-06 )
bones/34/enabled = true
bones/34/bound_children = [  ]
bones/35/name = "l_ring_tip"
bones/35/parent = 34
bones/35/rest = Transform( 0.989638, -0.0643077, -0.128381, -0.0663073, 0.58838, -0.805862, 0.12736, 0.806023, 0.578019, -8.04387e-07, 0.703489, 1.19164e-06 )
bones/35/enabled = true
bones/35/bound_children = [  ]
bones/36/name = "l_index_low"
bones/36/parent = 29
bones/36/rest = Transform( 0.992221, -0.123726, -0.0137917, 0.0298441, 0.34395, -0.938514, 0.120862, 0.930801, 0.344967, -0.930397, 3.01173, 0.0742152 )
bones/36/enabled = true
bones/36/bound_children = [  ]
bones/37/name = "l_index_mid"
bones/37/parent = 36
bones/37/rest = Transform( 0.992776, -0.0827857, -0.0868409, -0.0761463, 0.124586, -0.989283, 0.0927175, 0.988749, 0.117382, -1.05571e-06, 1.04886, -5.95843e-07 )
bones/37/enabled = true
bones/37/bound_children = [  ]
bones/38/name = "l_index_tip"
bones/38/parent = 37
bones/38/rest = Transform( 0.999504, 0.0108983, -0.0295397, -0.0119775, 0.999258, -0.0366074, 0.0291188, 0.0369431, 0.998893, 2.9826e-07, 0.597885, -1.92699e-07 )
bones/38/enabled = true
bones/38/bound_children = [  ]
bones/39/name = "l_pinky_low"
bones/39/parent = 29
bones/39/rest = Transform( 0.997803, -0.0568867, 0.0339494, 0.0418834, 0.14466, -0.988595, 0.0513268, 0.987845, 0.146724, 0.943397, 2.77721, -0.0203568 )
bones/39/enabled = true
bones/39/bound_children = [  ]
bones/40/name = "l_pinky_mid"
bones/40/parent = 39
bones/40/rest = Transform( -0.981509, -0.184078, 0.0514501, -0.0434167, 0.476891, 0.877884, -0.186127, 0.859463, -0.476092, -2.40903e-07, 0.741666, 6.62907e-07 )
bones/40/enabled = true
bones/40/bound_children = [  ]
bones/41/name = "l_pinky_tip"
bones/41/parent = 40
bones/41/rest = Transform( -0.994977, 0.0962169, -0.0275932, 0.0801643, 0.600904, -0.795292, -0.0599396, -0.793509, -0.605599, 6.35542e-07, 0.549337, 3.42923e-07 )
bones/41/enabled = true
bones/41/bound_children = [  ]
bones/42/name = "l_thumb_low"
bones/42/parent = 29
bones/42/rest = Transform( 0.634954, -0.543369, 0.549166, 0.747704, 0.611058, -0.259899, -0.194351, 0.575637, 0.794273, -1.02567, 1.03883, 0.698043 )
bones/42/enabled = true
bones/42/bound_children = [  ]
bones/43/name = "l_thumb_mid"
bones/43/parent = 42
bones/43/rest = Transform( -0.86171, 0.478591, 0.168545, 0.445469, 0.872607, -0.200282, -0.242927, -0.0975039, -0.965132, 1.03945e-06, 0.958807, 2.15047e-07 )
bones/43/enabled = true
bones/43/bound_children = [  ]
bones/44/name = "l_thumb_tip"
bones/44/parent = 43
bones/44/rest = Transform( -0.988173, -0.145875, 0.047257, -0.146581, 0.989128, -0.0118111, -0.0450203, -0.0185984, -0.998813, 1.06161e-06, 0.944532, -1.50679e-06 )
bones/44/enabled = true
bones/44/bound_children = [  ]
bones/45/name = "l_armtwist_1"
bones/45/parent = 28
bones/45/rest = Transform( 0.999998, -0.00164262, 0.000773904, 0.00164118, 0.999997, 0.00185765, -0.000776953, -0.00185638, 0.999998, 1.07916e-06, -2.56761e-06, 1.50103e-06 )
bones/45/enabled = true
bones/45/bound_children = [  ]
bones/46/name = "l_armtwist_2"
bones/46/parent = 45
bones/46/rest = Transform( 1, -1.04697e-07, 0.000415313, 1.04565e-07, 1, 3.17653e-07, -0.000415313, -3.17609e-07, 1, 0.0167278, 3.8787, 0.0189785 )
bones/46/enabled = true
bones/46/bound_children = [  ]
bones/47/name = "l_armtwist_3"
bones/47/parent = 45
bones/47/rest = Transform( 1, 7.78679e-09, 0.000367595, -6.13776e-09, 1, -4.48598e-06, -0.000367595, 4.48598e-06, 1, 0.0167125, 5.70513, 0.0189746 )
bones/47/enabled = true
bones/47/bound_children = [  ]
bones/48/name = "l_armtwist_4"
bones/48/parent = 45
bones/48/rest = Transform( 0.999999, 4.49179e-06, 0.00136826, -4.48569e-06, 1, -4.46535e-06, -0.00136826, 4.45921e-06, 0.999999, 0.016694, 7.32536, 0.0189754 )
bones/48/enabled = true
bones/48/bound_children = [  ]
bones/49/name = "watch"
bones/49/parent = 48
bones/49/rest = Transform( 1, 0.000386465, -0.000204973, -0.000386456, 1, 4.23942e-05, 0.00020499, -4.2315e-05, 1, -0.00541003, 1.06408, -0.00610112 )
bones/49/enabled = true
bones/49/bound_children = [  ]
bones/50/name = "directional_parent"
bones/50/parent = -1
bones/50/rest = Transform( 1, -1.90735e-06, 1.90735e-06, 1.90735e-06, 1, 1.81899e-12, -1.90735e-06, 1.81899e-12, 1, -3.68643, -3.70484, 7.53785 )
bones/50/enabled = true
bones/50/bound_children = [  ]
bones/51/name = "rotational_parent"
bones/51/parent = 50
bones/51/rest = Transform( 1, 1.07807e-06, -1.07807e-06, -1.07807e-06, 1, -8.94021e-13, 1.07807e-06, 2.05625e-12, 1, 1.39366e-08, 1.17195e-07, 1.21237e-07 )
bones/51/enabled = true
bones/51/bound_children = [  ]
bones/52/name = "r_IK"
bones/52/parent = 51
bones/52/rest = Transform( 4.14848e-05, -8.04663e-07, -1, -1, 5.96046e-08, -4.14252e-05, 0, 1, -7.15256e-07, -0.704313, -2.74446, -4.54574 )
bones/52/enabled = true
bones/52/bound_children = [  ]
bones/53/name = "l_IK"
bones/53/parent = 51
bones/53/rest = Transform( -0.0792716, -0.455238, -0.886834, -0.992498, 0.119109, 0.0275745, 0.093077, 0.882367, -0.461265, 1.70817, -2.80301, 4.66183 )
bones/53/enabled = true
bones/53/bound_children = [  ]
bones/54/name = "body"
bones/54/parent = 51
bones/54/rest = Transform( 1, 8.34465e-07, -8.29282e-07, -8.34465e-07, 1, 6.92007e-13, 8.29282e-07, 5.42101e-20, 1, 0.0604767, -0.00515948, -0.912043 )
bones/54/enabled = true
bones/54/bound_children = [  ]
bones/55/name = "foregrip"
bones/55/parent = 54
bones/55/rest = Transform( 1, -5.18298e-09, -9.6584e-29, 5.18298e-09, 1, -2.50297e-37, 9.6584e-29, -2.50297e-37, 1, 3.15634e-08, -2.82498, 7.34454 )
bones/55/enabled = true
bones/55/bound_children = [  ]
bones/56/name = "reddot"
bones/56/parent = 54
bones/56/rest = Transform( 1, -5.18298e-09, 2.38419e-07, 5.18298e-09, 1, 1.23569e-15, -2.38419e-07, 2.71051e-20, 1, 2.44007e-07, 2.18666, 0.491523 )
bones/56/enabled = true
bones/56/bound_children = [  ]
bones/57/name = "selector"
bones/57/parent = 54
bones/57/rest = Transform( 1, 3.51187e-19, 2.38419e-07, -3.51187e-19, 1, -2.71051e-20, -2.38419e-07, 2.7105e-20, 1, 0.454534, -0.868718, -0.633757 )
bones/57/enabled = true
bones/57/bound_children = [  ]
bones/58/name = "boltrelease"
bones/58/parent = 54
bones/58/rest = Transform( 1, 3.51187e-19, 2.38419e-07, -3.51187e-19, 1, -2.71051e-20, -2.38419e-07, 2.7105e-20, 1, 0.481754, -0.416624, 1.45452 )
bones/58/enabled = true
bones/58/bound_children = [  ]
bones/59/name = "magretainer"
bones/59/parent = 54
bones/59/rest = Transform( 1, 3.51187e-19, 2.38419e-07, -3.51187e-19, 1, -2.71051e-20, -2.38419e-07, 2.7105e-20, 1, 0.329416, -0.998656, 1.90342 )
bones/59/enabled = true
bones/59/bound_children = [  ]
bones/60/name = "bolt"
bones/60/parent = 54
bones/60/rest = Transform( 1, 0, 0, 0, 1, 0, 0, 0, 1, -0.416122, 0.343189, 2.46117 )
bones/60/enabled = true
bones/60/bound_children = [  ]
bones/61/name = "dustcover"
bones/61/parent = 54
bones/61/rest = Transform( 1, 0, 0, 0, 1, 0, 0, 0, 1, -0.607426, -0.003243, 2.46117 )
bones/61/enabled = true
bones/61/bound_children = [  ]
bones/62/name = "charginghandle"
bones/62/parent = 54
bones/62/rest = Transform( 1, -5.18298e-09, 2.38419e-07, 5.18298e-09, 1, 1.23572e-15, -2.38419e-07, 0, 1, 1.18621e-08, 0.976182, -1.8803 )
bones/62/enabled = true
bones/62/bound_children = [  ]
bones/63/name = "handguard_grip"
bones/63/parent = 54
bones/63/rest = Transform( 1, -5.18298e-09, 0, 5.18298e-09, 1, 0, 0, 0, 1, 1.69216e-08, -2.78354e-08, 8.41606 )
bones/63/enabled = true
bones/63/bound_children = [  ]
bones/64/name = "mag"
bones/64/parent = 51
bones/64/rest = Transform( 1, 8.54653e-07, -8.29282e-07, -8.54653e-07, 1, -4.22532e-13, 8.29282e-07, 1.13128e-12, 1, 0.0604717, -3.542, 1.93123 )
bones/64/enabled = true
bones/64/bound_children = [  ]
bones/65/name = "bullet"
bones/65/parent = 64
bones/65/rest = Transform( 1, -2.01882e-08, 2.38419e-07, 2.01882e-08, 1, 4.81325e-15, -2.38419e-07, 0, 1, 6.5327e-08, 3.56578, -0.0859299 )
bones/65/enabled = true
bones/65/bound_children = [  ]
bones/66/name = "bullets"
bones/66/parent = 64
bones/66/rest = Transform( 1, -2.01882e-08, 2.38419e-07, 2.01882e-08, 1, 4.81325e-15, -2.38419e-07, 0, 1, 7.13886e-08, 3.26552, -0.0859299 )
bones/66/enabled = true
bones/66/bound_children = [  ]

[node name="M4" type="MeshInstance" parent="."]
transform = Transform( 1, 0, 5.68434e-14, 0, 1, 0, -5.68434e-14, 0, 1, 0, 0, 0 )
mesh = ExtResource( 1 )
skin = ExtResource( 2 )
material/0 = null
material/1 = null
material/2 = null
material/3 = null
material/4 = null
material/5 = null
material/6 = null
material/7 = null
material/8 = null
material/9 = null
material/10 = null
material/11 = null
material/12 = null
material/13 = null
material/14 = null
