[gd_scene load_steps=3 format=2]

[ext_resource path="res://Assets/Animations/Weapons/1911/1911 skin.tres" type="Skin" id=1]
[ext_resource path="res://Assets/3D/Weapons/1911/1911.tres" type="ArrayMesh" id=2]

[node name="1911 Skeleton" type="Skeleton"]
transform = Transform( -0.01, 0, -3.89414e-09, 0, 0.01, 0, 3.89414e-09, 0, -0.01, 0, 0, 0 )
bones/0/name = "root"
bones/0/parent = -1
bones/0/rest = Transform( -1, -7.10543e-14, -4.76837e-07, -4.76837e-07, 0, 1, -7.10543e-14, 1, 0, 0, 0, 0 )
bones/0/enabled = true
bones/0/bound_children = [  ]
bones/1/name = "camera_target"
bones/1/parent = 0
bones/1/rest = Transform( 1, -4.76837e-07, 1.50996e-07, 1.50996e-07, 0, -1, 4.76837e-07, 1, 0, 2.94581e-12, 34.8646, 1.19219e-07 )
bones/1/enabled = true
bones/1/bound_children = [  ]
bones/2/name = "r_pole"
bones/2/parent = 0
bones/2/rest = Transform( -1, -9.53674e-07, -8.74228e-08, -8.74228e-08, 0, 1, -9.53674e-07, 1, 0, 13.9494, 6.71784, -5.99999 )
bones/2/enabled = true
bones/2/bound_children = [  ]
bones/3/name = "l_pole"
bones/3/parent = 0
bones/3/rest = Transform( -1, -9.53674e-07, -8.74228e-08, -8.74228e-08, 0, 1, -9.53674e-07, 1, 0, -8.47881, 2.35606, -11.0454 )
bones/3/enabled = true
bones/3/bound_children = [  ]
bones/4/name = "camera_controller"
bones/4/parent = 0
bones/4/rest = Transform( 1, -8.74228e-08, -4.76837e-07, 8.74228e-08, 1, -2.84153e-13, 4.76837e-07, 2.42466e-13, 1, 0, 0, 1.19209e-07 )
bones/4/enabled = true
bones/4/bound_children = [  ]
bones/5/name = "r_upperarm"
bones/5/parent = -1
bones/5/rest = Transform( 0.132945, -0.743494, -0.655415, -0.916713, -0.343698, 0.203938, -0.376901, 0.573702, -0.727213, -5.74924, -5.90552, -1.83384 )
bones/5/enabled = true
bones/5/bound_children = [  ]
bones/6/name = "r_forearm"
bones/6/parent = 5
bones/6/rest = Transform( 0.776971, -0.411211, -0.476687, 0.41381, -0.23705, 0.878959, -0.474434, -0.880192, -0.0140179, 8.53567e-07, 8.49741, 6.44541e-07 )
bones/6/enabled = true
bones/6/bound_children = [  ]
bones/7/name = "r_wrist"
bones/7/parent = 6
bones/7/rest = Transform( 0.951136, 0.289765, -0.106659, -0.279075, 0.658961, -0.698489, -0.132114, 0.694153, 0.707601, -3.28158e-07, 9.00096, 9.57786e-07 )
bones/7/enabled = true
bones/7/bound_children = [  ]
bones/8/name = "r_middle_low"
bones/8/parent = 7
bones/8/rest = Transform( 0.90569, -0.119319, 0.406802, -0.269348, 0.579057, 0.769509, -0.327378, -0.806508, 0.492308, -0.255021, 3.0593, -0.0394009 )
bones/8/enabled = true
bones/8/bound_children = [  ]
bones/9/name = "r_middle_mid"
bones/9/parent = 8
bones/9/rest = Transform( 0.978537, 0.0241742, -0.20465, 0.174551, 0.430641, 0.885483, 0.109537, -0.9022, 0.417178, -3.17738e-07, 1.05896, 3.23664e-07 )
bones/9/enabled = true
bones/9/bound_children = [  ]
bones/10/name = "r_middle_tip"
bones/10/parent = 9
bones/10/rest = Transform( 0.95671, -0.216605, 0.194391, 0.0340389, 0.746605, 0.664396, -0.289045, -0.629018, 0.721658, 2.14374e-07, 0.748667, -8.19789e-08 )
bones/10/enabled = true
bones/10/bound_children = [  ]
bones/11/name = "r_ring_low"
bones/11/parent = 7
bones/11/rest = Transform( 0.987776, -0.141107, 0.0662412, 0.072455, 0.791862, 0.606387, -0.138019, -0.594174, 0.792406, 0.367817, 2.93002, -0.0135662 )
bones/11/enabled = true
bones/11/bound_children = [  ]
bones/12/name = "r_ring_mid"
bones/12/parent = 11
bones/12/rest = Transform( 0.897387, -0.236298, 0.37264, -0.316459, 0.243856, 0.916727, -0.307491, -0.940584, 0.144054, -1.1742e-07, 1.04778, 1.32854e-06 )
bones/12/enabled = true
bones/12/bound_children = [  ]
bones/13/name = "r_ring_tip"
bones/13/parent = 12
bones/13/rest = Transform( 0.997159, 0.0753149, -0.000486053, -0.0732387, 0.971137, 0.227, 0.0175685, -0.22632, 0.973895, 6.97906e-07, 0.703489, -3.22597e-07 )
bones/13/enabled = true
bones/13/bound_children = [  ]
bones/14/name = "r_index_low"
bones/14/parent = 7
bones/14/rest = Transform( 0.984743, -0.0695941, -0.15949, 0.0789966, 0.995444, 0.0533846, 0.155049, -0.0651693, 0.985755, -0.927024, 3.02769, -0.126691 )
bones/14/enabled = true
bones/14/bound_children = [  ]
bones/15/name = "r_index_mid"
bones/15/parent = 14
bones/15/rest = Transform( 0.999097, 0.0414537, 0.00934173, -0.0421528, 0.939074, 0.341119, 0.00536807, -0.341205, 0.939974, -3.06501e-07, 1.04886, -9.58593e-07 )
bones/15/enabled = true
bones/15/bound_children = [  ]
bones/16/name = "r_index_tip"
bones/16/parent = 15
bones/16/rest = Transform( 0.999848, 0.0106462, -0.0138081, -0.0101267, 0.999258, 0.0371618, 0.0141935, -0.0370163, 0.999214, 1.31685e-08, 0.597885, -8.33715e-07 )
bones/16/enabled = true
bones/16/bound_children = [  ]
bones/17/name = "r_pinky_low"
bones/17/parent = 7
bones/17/rest = Transform( 0.987676, 0.0213787, 0.155044, -0.060833, 0.965173, 0.254439, -0.144204, -0.260736, 0.954579, 0.943755, 2.76002, -0.0668277 )
bones/17/enabled = true
bones/17/bound_children = [  ]
bones/18/name = "r_pinky_mid"
bones/18/parent = 17
bones/18/rest = Transform( -0.999323, 0.0174418, 0.0323771, -0.0276495, 0.224156, -0.974161, -0.0242487, -0.974397, -0.223522, -3.9808e-07, 0.741667, -5.22352e-07 )
bones/18/enabled = true
bones/18/bound_children = [  ]
bones/19/name = "r_pinky_tip"
bones/19/parent = 18
bones/19/rest = Transform( -0.995648, -0.0527018, -0.0768654, -0.0755139, 0.939564, 0.33394, 0.0546208, 0.338291, -0.939455, 1.94794e-07, 0.549337, 3.11213e-06 )
bones/19/enabled = true
bones/19/bound_children = [  ]
bones/20/name = "r_thumb_low"
bones/20/parent = 7
bones/20/rest = Transform( 0.694846, -0.543366, -0.471107, 0.712159, 0.611059, 0.345594, 0.10009, -0.575638, 0.811556, -1.02567, 1.03883, -0.698047 )
bones/20/enabled = true
bones/20/bound_children = [  ]
bones/21/name = "r_thumb_mid"
bones/21/parent = 20
bones/21/rest = Transform( 0.870034, 0.463895, 0.16686, -0.416268, 0.872608, -0.255492, -0.264124, 0.152829, 0.952303, -4.9131e-07, 0.958807, -3.53832e-07 )
bones/21/enabled = true
bones/21/bound_children = [  ]
bones/22/name = "r_thumb_tip"
bones/22/parent = 21
bones/22/rest = Transform( 0.988864, 0.147056, -0.0228616, -0.147021, 0.989128, 0.00322881, 0.0230879, 0.000168278, 0.999733, 5.80603e-07, 0.944531, 6.07022e-07 )
bones/22/enabled = true
bones/22/bound_children = [  ]
bones/23/name = "r_armtwist_1"
bones/23/parent = 6
bones/23/rest = Transform( 0.999998, -0.00163747, 0.0012694, 0.00163983, 0.999997, -0.00185881, -0.00126635, 0.00186089, 0.999998, -1.75066e-07, -4.74409e-08, -3.54689e-06 )
bones/23/enabled = true
bones/23/bound_children = [  ]
bones/24/name = "r_armtwist_2"
bones/24/parent = 23
bones/24/rest = Transform( 0.999449, -1.34786e-07, 0.0331782, 1.31784e-07, 1, 9.26821e-08, -0.0331782, -8.82586e-08, 0.99945, 0.0167138, 3.8787, -0.0189906 )
bones/24/enabled = true
bones/24/bound_children = [  ]
bones/25/name = "r_armtwist_3"
bones/25/parent = 23
bones/25/rest = Transform( 0.997768, 9.1497e-08, 0.0667749, -4.04323e-07, 1, 4.67127e-06, -0.0667749, -4.68784e-06, 0.997769, 0.0166985, 5.70513, -0.0189858 )
bones/25/enabled = true
bones/25/bound_children = [  ]
bones/26/name = "r_armtwist_4"
bones/26/parent = 23
bones/26/rest = Transform( 0.995065, 4.76113e-06, 0.0992284, -5.19792e-06, 1, 4.14341e-06, -0.0992284, -4.63874e-06, 0.995065, 0.0166796, 7.32536, -0.0189872 )
bones/26/enabled = true
bones/26/bound_children = [  ]
bones/27/name = "l_upperarm"
bones/27/parent = -1
bones/27/rest = Transform( -0.446273, -0.317268, -0.836789, -0.601131, -0.58645, 0.54292, -0.663017, 0.745262, 0.0709937, 5.74924, -5.90552, -1.83384 )
bones/27/enabled = true
bones/27/bound_children = [  ]
bones/28/name = "l_forearm"
bones/28/parent = 27
bones/28/rest = Transform( 0.912911, -0.364723, 0.183262, 0.362365, 0.517474, -0.775187, 0.187898, 0.774062, 0.604576, 1.98409e-06, 8.49741, 9.68013e-07 )
bones/28/enabled = true
bones/28/bound_children = [  ]
bones/29/name = "l_wrist"
bones/29/parent = 28
bones/29/rest = Transform( 0.983066, 0.065263, 0.171207, -0.0706241, 0.997181, 0.0254082, -0.169065, -0.0370695, 0.984911, 8.16877e-07, 9.00095, 3.7327e-07 )
bones/29/enabled = true
bones/29/bound_children = [  ]
bones/30/name = "l_middle_low"
bones/30/parent = 29
bones/30/rest = Transform( 0.923697, 0.059598, -0.378459, -0.283744, 0.770176, -0.571243, 0.257435, 0.635041, 0.72832, -0.255021, 3.05931, 0.0393989 )
bones/30/enabled = true
bones/30/bound_children = [  ]
bones/31/name = "l_middle_mid"
bones/31/parent = 30
bones/31/rest = Transform( 0.925441, -0.00762209, 0.378816, 0.210968, 0.840843, -0.498473, -0.314726, 0.541225, 0.779759, 3.12064e-07, 1.05896, -1.67011e-07 )
bones/31/enabled = true
bones/31/bound_children = [  ]
bones/32/name = "l_middle_tip"
bones/32/parent = 31
bones/32/rest = Transform( 0.999487, -0.0152683, -0.028138, 0.0101087, 0.984492, -0.175136, 0.0303756, 0.174762, 0.984142, 3.37829e-07, 0.748666, 1.04852e-06 )
bones/32/enabled = true
bones/32/bound_children = [  ]
bones/33/name = "l_ring_low"
bones/33/parent = 29
bones/33/rest = Transform( 0.850778, 0.177019, -0.494814, -0.454147, 0.721436, -0.522763, 0.264438, 0.669473, 0.694175, 0.367817, 2.93002, 0.0135675 )
bones/33/enabled = true
bones/33/bound_children = [  ]
bones/34/name = "l_ring_mid"
bones/34/parent = 33
bones/34/rest = Transform( 0.98457, 0.102859, -0.141566, -0.151149, 0.907539, -0.391824, 0.0881744, 0.407176, 0.909084, -1.39436e-06, 1.04778, -9.28433e-07 )
bones/34/enabled = true
bones/34/bound_children = [  ]
bones/35/name = "l_ring_tip"
bones/35/parent = 34
bones/35/rest = Transform( 0.986981, 0.0877008, 0.134824, 0.0388903, 0.683255, -0.729143, -0.156066, 0.724894, 0.670949, -7.88739e-07, 0.70349, 1.3043e-06 )
bones/35/enabled = true
bones/35/bound_children = [  ]
bones/36/name = "l_index_low"
bones/36/parent = 29
bones/36/rest = Transform( 0.978569, 0.0898475, -0.185282, -0.164346, 0.882901, -0.439858, 0.124066, 0.460882, 0.878747, -0.927025, 3.02768, 0.126688 )
bones/36/enabled = true
bones/36/bound_children = [  ]
bones/37/name = "l_index_mid"
bones/37/parent = 36
bones/37/rest = Transform( 0.997807, 0.058496, 0.0309604, -0.0444776, 0.939074, -0.340824, -0.0490109, 0.338699, 0.939618, -3.24585e-07, 1.04886, -5.29958e-07 )
bones/37/enabled = true
bones/37/bound_children = [  ]
bones/38/name = "l_index_tip"
bones/38/parent = 37
bones/38/rest = Transform( 0.999504, 0.0108983, -0.0295397, -0.0119775, 0.999258, -0.0366074, 0.0291188, 0.036943, 0.998893, 8.94011e-07, 0.597885, -1.75343e-07 )
bones/38/enabled = true
bones/38/bound_children = [  ]
bones/39/name = "l_pinky_low"
bones/39/parent = 29
bones/39/rest = Transform( 0.865558, 0.268622, -0.422672, -0.492821, 0.606992, -0.623448, 0.0890868, 0.747932, 0.65777, 0.943755, 2.76002, 0.0668312 )
bones/39/enabled = true
bones/39/bound_children = [  ]
bones/40/name = "l_pinky_mid"
bones/40/parent = 39
bones/40/rest = Transform( -0.998265, -0.0242259, 0.0528924, -0.0163567, 0.989371, 0.144424, -0.055828, 0.143315, -0.988087, 1.11313e-06, 0.741667, 1.90541e-06 )
bones/40/enabled = true
bones/40/bound_children = [  ]
bones/41/name = "l_pinky_tip"
bones/41/parent = 40
bones/41/rest = Transform( -0.999205, 0.0116493, -0.0381726, 0.0240014, 0.939566, -0.341524, 0.0318873, -0.342169, -0.939095, -8.23844e-07, 0.549339, 3.84508e-07 )
bones/41/enabled = true
bones/41/bound_children = [  ]
bones/42/name = "l_thumb_low"
bones/42/parent = 29
bones/42/rest = Transform( 0.634954, -0.543369, 0.549166, 0.747704, 0.611058, -0.259898, -0.194351, 0.575637, 0.794273, -1.02567, 1.03883, 0.698042 )
bones/42/enabled = true
bones/42/bound_children = [  ]
bones/43/name = "l_thumb_mid"
bones/43/parent = 42
bones/43/rest = Transform( -0.86171, 0.478591, 0.168545, 0.44547, 0.872607, -0.200282, -0.242926, -0.0975035, -0.965132, 1.11981e-06, 0.958807, -2.45164e-07 )
bones/43/enabled = true
bones/43/bound_children = [  ]
bones/44/name = "l_thumb_tip"
bones/44/parent = 43
bones/44/rest = Transform( -0.988174, -0.145876, 0.0472557, -0.146581, 0.989128, -0.0118103, -0.0450191, -0.0185974, -0.998813, 9.92046e-07, 0.944532, -1.51566e-06 )
bones/44/enabled = true
bones/44/bound_children = [  ]
bones/45/name = "l_armtwist_1"
bones/45/parent = 28
bones/45/rest = Transform( 0.999998, -0.00164264, 0.000773893, 0.0016412, 0.999997, 0.00185764, -0.000776942, -0.00185637, 0.999998, 2.03192e-06, -2.68791e-06, 6.99973e-08 )
bones/45/enabled = true
bones/45/bound_children = [  ]
bones/46/name = "l_armtwist_2"
bones/46/parent = 45
bones/46/rest = Transform( 0.99911, -1.24785e-07, 0.0421585, 1.27594e-07, 1, -6.39391e-08, -0.0421585, 6.92614e-08, 0.999111, 0.0167278, 3.8787, 0.0189776 )
bones/46/enabled = true
bones/46/bound_children = [  ]
bones/47/name = "l_armtwist_3"
bones/47/parent = 45
bones/47/rest = Transform( 0.996485, -2.87675e-07, 0.0837809, 6.99369e-07, 1, -4.88458e-06, -0.0837809, 4.926e-06, 0.996485, 0.0167115, 5.70513, 0.0189736 )
bones/47/enabled = true
bones/47/bound_children = [  ]
bones/48/name = "l_armtwist_4"
bones/48/parent = 45
bones/48/rest = Transform( 0.991992, 4.34565e-06, 0.126298, -3.74186e-06, 1, -5.01793e-06, -0.126298, 4.50516e-06, 0.991992, 0.0166933, 7.32536, 0.018974 )
bones/48/enabled = true
bones/48/bound_children = [  ]
bones/49/name = "watch"
bones/49/parent = 48
bones/49/rest = Transform( 1, 0.000386457, -0.000204994, -0.000386449, 1, 4.24073e-05, 0.00020501, -4.2328e-05, 1, -0.00540955, 1.06408, -0.00610207 )
bones/49/enabled = true
bones/49/bound_children = [  ]
bones/50/name = "directionalparent"
bones/50/parent = -1
bones/50/rest = Transform( 1, 0, 0, 0, 1, 0, 0, 0, 1, -4.80442, -4.65893, 12.712 )
bones/50/enabled = true
bones/50/bound_children = [  ]
bones/51/name = "rotationalparent"
bones/51/parent = 50
bones/51/rest = Transform( 1, 0, 0, 0, 1, 0, 0, 0, 1, 0, 0, 0 )
bones/51/enabled = true
bones/51/bound_children = [  ]
bones/52/name = "r_ik"
bones/52/parent = 51
bones/52/rest = Transform( 4.23193e-05, 0, -1, -1, 5.96046e-08, -4.22597e-05, 0, 1, 5.96046e-08, -0.974866, -1.65473, -3.73962 )
bones/52/enabled = true
bones/52/bound_children = [  ]
bones/53/name = "l_ik"
bones/53/parent = 51
bones/53/rest = Transform( -0.564411, -0.679106, -0.469314, -0.785541, 0.267119, 0.558187, -0.253706, 0.683712, -0.68423, 2.01296, -3.2052, -2.07202 )
bones/53/enabled = true
bones/53/bound_children = [  ]
bones/54/name = "main"
bones/54/parent = 51
bones/54/rest = Transform( 1, 0, 0, 0, 1, 0, 0, 0, 1, -0.0907483, -0.526257, -0.533357 )
bones/54/enabled = true
bones/54/bound_children = [  ]
bones/55/name = "slide"
bones/55/parent = 54
bones/55/rest = Transform( 1, 0, 0, 0, 1, 0, 0, 0, 1, -0.0228906, 1.57385, -0.897486 )
bones/55/enabled = true
bones/55/bound_children = [  ]
bones/56/name = "hammer"
bones/56/parent = 54
bones/56/rest = Transform( 1, 0, 0, 0, 1, 0, 0, 0, 1, -0.0228906, 1.44601, -1.3542 )
bones/56/enabled = true
bones/56/bound_children = [  ]
bones/57/name = "trigger"
bones/57/parent = 54
bones/57/rest = Transform( 1, 0, 0, 0, 1, 0, 0, 0, 1, -0.0228906, 0.130558, 0.958891 )
bones/57/enabled = true
bones/57/bound_children = [  ]
bones/58/name = "mag"
bones/58/parent = 51
bones/58/rest = Transform( 0.993449, 0.113367, -0.0143762, -0.113367, 0.9619, -0.248791, -0.0143762, 0.248791, 0.968451, -0.118187, -1.92918, -1.2351 )
bones/58/enabled = true
bones/58/bound_children = [  ]

[node name="1911 Model" type="MeshInstance" parent="."]
mesh = ExtResource( 2 )
skin = ExtResource( 1 )
material/0 = null
material/1 = null
material/2 = null
material/3 = null
