[gd_resource type="Skin" format=2]

[resource]
resource_name = "Skin"
bind_count = 52
bind/0/name = "r_ik"
bind/0/bone = -1
bind/0/pose = Transform( 4.22438e-05, -1, 0, 0, 0, 1, -1, -4.22438e-05, 0, -6.00387, -15.6449, -6.36803 )
bind/1/name = "l_ik"
bind/1/bone = -1
bind/1/pose = Transform( -2.61823e-05, -1, 0, 0, 0, 1, -1, 2.61823e-05, 0, -6.00397, -15.6449, 6.36793 )
bind/2/name = "root"
bind/2/bone = -1
bind/2/pose = Transform( -1, -4.76837e-07, -5.68434e-14, -5.68434e-14, -2.71051e-20, 1, -4.76837e-07, 1, -2.71051e-20, 0, 0, 0 )
bind/3/name = "camera_target"
bind/3/bone = -1
bind/3/pose = Transform( -1, -4.09275e-27, 1.50996e-07, -3.43325e-20, 1, -2.27374e-13, -1.50996e-07, 2.71051e-20, -1, -5.26441e-06, -1.19211e-07, 34.8646 )
bind/4/name = "r_pole"
bind/4/bone = -1
bind/4/pose = Transform( 1, -4.76837e-07, -8.74227e-08, 4.76837e-07, 1, 9.09495e-13, 8.74227e-08, -4.16865e-14, 1, 13.9494, 6.00001, -6.71784 )
bind/5/name = "l_pole"
bind/5/bone = -1
bind/5/pose = Transform( 1, -4.76837e-07, -8.74227e-08, 4.76837e-07, 1, 9.09495e-13, 8.74227e-08, -4.16865e-14, 1, -13.9494, 5.99999, -6.71785 )
bind/6/name = "camera_controller"
bind/6/bone = -1
bind/6/pose = Transform( -1, 6.51683e-07, 1.36035e-13, 0, -2.08745e-07, 1, 6.51683e-07, 1, 2.08745e-07, -1.3453e-13, 2.48843e-14, -1.19209e-07 )
bind/7/name = "r_upperarm"
bind/7/bone = -1
bind/7/pose = Transform( 0.00183284, -0.999797, -0.0190894, -0.0642201, -0.0191667, 0.997752, -0.997932, -0.000591086, -0.0642435, -5.92878, 1.34731, -5.85865 )
bind/8/name = "r_forearm"
bind/8/bone = -1
bind/8/pose = Transform( -0.00210839, -0.999953, 0.00712075, -0.00809111, 0.00713742, 0.999942, -0.999963, 0.00206234, -0.00810592, -6.12869, -6.6517, -6.22834 )
bind/9/name = "r_wrist"
bind/9/bone = -1
bind/9/pose = Transform( 4.39502e-05, -0.99998, 4.94548e-06, -1.55151e-05, 4.81216e-06, 1, -0.999998, -3.22311e-05, -1.54896e-05, -6.00383, -15.645, -6.36771 )
bind/10/name = "r_middle_low"
bind/10/bone = -1
bind/10/pose = Transform( 0.0104935, -0.996852, 0.0783406, 0.156545, 0.0790131, 0.984505, -0.987613, 0.00194441, 0.156884, -7.12989, -16.9694, -9.17325 )
bind/11/name = "r_middle_mid"
bind/11/bone = -1
bind/11/pose = Transform( -0.0816021, -0.996232, 0.0286547, 0.404453, -0.00682899, 0.914533, -0.910909, 0.0862264, 0.403495, -6.7128, -15.6053, -13.0928 )
bind/12/name = "r_middle_tip"
bind/12/bone = -1
bind/12/pose = Transform( -0.0911723, -0.995165, 0.035974, 0.558035, -0.0211435, 0.829547, -0.824791, 0.0957144, 0.557277, -6.91237, -13.7987, -15.6764 )
bind/13/name = "r_ring_low"
bind/13/bone = -1
bind/13/pose = Transform( 0.120338, -0.992641, 0.0121332, 0.185452, 0.0344825, 0.982048, -0.975255, -0.115914, 0.18824, -5.78579, -16.8433, -10.4322 )
bind/14/name = "r_ring_mid"
bind/14/bone = -1
bind/14/pose = Transform( 0.0807562, -0.996155, -0.0334029, 0.469967, 0.00849674, 0.882643, -0.87898, -0.0869654, 0.468856, -5.15919, -14.3544, -15.1569 )
bind/15/name = "r_ring_tip"
bind/15/bone = -1
bind/15/pose = Transform( 0.0306641, -0.995476, -0.0897159, 0.661414, -0.0470933, 0.74854, -0.749391, -0.0822825, 0.656992, -4.30798, -11.5816, -18.1768 )
bind/16/name = "r_index_low"
bind/16/bone = -1
bind/16/pose = Transform( -0.155005, -0.984729, 0.0790005, 0.0651516, 0.069601, 0.995445, -0.985761, 0.159454, 0.0533693, -7.44208, -17.8275, -6.33926 )
bind/17/name = "r_index_mid"
bind/17/bone = -1
bind/17/pose = Transform( -0.162903, -0.985917, 0.0372526, 0.391104, -0.029869, 0.919861, -0.905813, 0.164425, 0.39047, -6.67366, -15.8719, -12.4674 )
bind/18/name = "r_index_tip"
bind/18/bone = -1
bind/18/pose = Transform( -0.179696, -0.983131, 0.0334738, 0.42261, -0.0464298, 0.905121, -0.888317, 0.1768, 0.423833, -6.68281, -16.0671, -12.9775 )
bind/19/name = "r_pinky_low"
bind/19/bone = -1
bind/19/pose = Transform( 0.144249, -0.987652, -0.0608266, 0.260721, -0.0213657, 0.965177, -0.954575, -0.155071, 0.254425, -4.83372, -16.2697, -11.7748 )
bind/20/name = "r_pinky_mid"
bind/20/bone = -1
bind/20/pose = Transform( -0.0864542, 0.994615, 0.0568325, 0.398273, -0.0177881, 0.917095, 0.913182, 0.101909, -0.394599, 5.31156, -15.2269, 13.832 )
bind/21/name = "r_pinky_tip"
bind/21/bone = -1
bind/21/pose = Transform( 0.105881, -0.983376, -0.147393, 0.687681, -0.0346575, 0.725185, -0.718249, -0.178131, 0.672593, -3.34157, -10.4235, -18.6712 )
bind/22/name = "r_thumb_low"
bind/22/bone = -1
bind/22/pose = Transform( -0.100057, -0.694833, 0.712162, 0.575606, 0.543382, 0.611059, -0.811581, 0.471066, 0.345588, -15.908, -4.22603, -8.02201 )
bind/23/name = "r_thumb_mid"
bind/23/bone = -1
bind/23/pose = Transform( -0.112307, -0.955141, 0.273961, 0.33183, 0.223819, 0.916401, -0.936628, 0.193834, 0.291814, -9.5634, -13.13, -8.96905 )
bind/24/name = "r_thumb_tip"
bind/24/bone = -1
bind/24/pose = Transform( -0.181469, -0.972935, 0.142916, 0.311549, 0.0809565, 0.946775, -0.932739, 0.216342, 0.288432, -7.5947, -15.3294, -8.79346 )
bind/25/name = "r_armtwist_1"
bind/25/bone = -1
bind/25/pose = Transform( -0.000855338, -0.999941, 0.00876933, -0.00994476, 0.00877722, 0.999912, -0.999948, 0.000779759, -0.00995187, -6.13169, -6.65322, -6.22376 )
bind/26/name = "r_armtwist_2"
bind/26/bone = -1
bind/26/pose = Transform( -0.000855145, -0.999941, 0.00876932, -0.00994478, 0.0087772, 0.999912, -0.999948, 0.000779567, -0.00995189, -6.14839, -10.5319, -6.20481 )
bind/27/name = "r_armtwist_3"
bind/27/bone = -1
bind/27/pose = Transform( -0.000399149, -0.999942, 0.00877391, -0.00994009, 0.00877726, 0.999912, -0.999949, 0.000323614, -0.0099432, -6.14555, -12.3583, -6.20767 )
bind/28/name = "r_armtwist_4"
bind/28/bone = -1
bind/28/pose = Transform( -0.00101568, -0.999941, 0.00876306, -0.00994013, 0.00877254, 0.999912, -0.999948, 0.000940183, -0.00994864, -6.14929, -13.9786, -6.20389 )
bind/29/name = "l_upperarm"
bind/29/bone = -1
bind/29/pose = Transform( 0.00144095, -0.999793, -0.0193, 0.0642209, -0.0191694, 0.997751, -0.997933, -0.00268894, 0.0641805, -5.94797, 1.34729, 5.83917 )
bind/30/name = "l_forearm"
bind/30/bone = -1
bind/30/pose = Transform( -0.000647466, -0.999955, 0.00714308, 0.0080919, 0.00713469, 0.999942, -0.999965, 0.000693537, 0.00808624, -6.11151, -6.65172, 6.24521 )
bind/31/name = "l_wrist"
bind/31/bone = -1
bind/31/pose = Transform( -3.99984e-05, -0.99998, 4.92915e-06, 1.63578e-05, 2.05476e-06, 1, -0.999998, 2.83406e-05, 1.55175e-05, -6.00385, -15.645, 6.36769 )
bind/32/name = "l_middle_low"
bind/32/bone = -1
bind/32/pose = Transform( 0.0104929, -0.996586, 0.0816563, -0.156544, 0.0790104, 0.984505, -0.987614, -0.0231237, -0.155184, -7.32319, -16.9695, 9.0197 )
bind/33/name = "l_middle_mid"
bind/33/bone = -1
bind/33/pose = Transform( 0.156933, -0.985637, 0.0620492, -0.404452, -0.00683143, 0.914533, -0.900992, -0.168623, -0.399724, -7.77645, -15.6053, 12.4904 )
bind/34/name = "l_middle_tip"
bind/34/bone = -1
bind/34/pose = Transform( 0.125396, -0.990323, 0.0591198, -0.558035, -0.0211456, 0.829547, -0.820286, -0.137018, -0.555298, -7.55836, -13.7987, 15.3753 )
bind/35/name = "l_ring_low"
bind/35/bone = -1
bind/35/pose = Transform( 0.120334, -0.991044, 0.0575262, -0.185451, 0.0344798, 0.982048, -0.975256, -0.12885, -0.179645, -8.14808, -16.8434, 8.71288 )
bind/36/name = "l_ring_mid"
bind/36/bone = -1
bind/36/pose = Transform( 0.0807531, -0.995325, 0.0525856, -0.469966, 0.00849435, 0.882642, -0.878981, -0.0959968, -0.467094, -7.83453, -14.3545, 13.9631 )
bind/37/name = "l_ring_tip"
bind/37/bone = -1
bind/37/pose = Transform( 0.0958559, -0.995129, 0.0221013, -0.661414, -0.0470943, 0.74854, -0.743868, -0.0863754, -0.662721, -7.30479, -11.5816, 17.1929 )
bind/38/name = "l_index_low"
bind/38/bone = -1
bind/38/pose = Transform( 0.105424, -0.991481, 0.0762275, -0.0651507, 0.0695983, 0.995445, -0.992289, -0.109919, -0.0572601, -7.11515, -17.8276, 6.70415 )
bind/39/name = "l_index_mid"
bind/39/bone = -1
bind/39/pose = Transform( 0.156724, -0.987015, 0.0345897, -0.391103, -0.0298716, 0.919861, -0.906903, -0.157699, -0.390715, -6.5885, -15.8719, 12.5126 )
bind/40/name = "l_index_tip"
bind/40/bone = -1
bind/40/pose = Transform( 0.134923, -0.99076, 0.0121775, -0.422609, -0.0464323, 0.905121, -0.896211, -0.127275, -0.424978, -6.02362, -16.0671, 13.2963 )
bind/41/name = "l_pinky_low"
bind/41/bone = -1
bind/41/pose = Transform( 0.144243, -0.989374, 0.0170653, -0.26072, -0.0213683, 0.965178, -0.954576, -0.143677, -0.261038, -8.09705, -16.2697, 9.82089 )
bind/42/name = "l_pinky_mid"
bind/42/bone = -1
bind/42/pose = Transform( -0.0864503, 0.996069, -0.0182279, -0.398272, -0.0177906, 0.917094, 0.913182, 0.0865506, 0.398253, 7.81293, -15.2269, -12.5895 )
bind/43/name = "l_pinky_tip"
bind/43/bone = -1
bind/43/pose = Transform( 0.105884, -0.992946, 0.052966, -0.68768, -0.0346578, 0.725185, -0.718249, -0.113214, -0.686514, -8.58732, -10.4235, 16.9127 )
bind/44/name = "l_thumb_low"
bind/44/bone = -1
bind/44/pose = Transform( 0.194325, -0.634948, 0.747705, -0.575605, 0.543381, 0.611059, -0.7943, -0.549126, -0.259892, -16.7373, -4.22604, 6.10568 )
bind/45/name = "l_thumb_mid"
bind/45/bone = -1
bind/45/pose = Transform( -0.230916, 0.922597, -0.308961, -0.331829, 0.223817, 0.916401, 0.914639, 0.314138, 0.254467, 10.6298, -13.13, -7.6753 )
bind/46/name = "l_thumb_tip"
bind/46/bone = -1
bind/46/pose = Transform( 0.23565, -0.958635, 0.159522, -0.311548, 0.0809537, 0.946774, -0.920545, -0.272811, -0.27959, -8.09544, -15.3294, 8.33477 )
bind/47/name = "l_armtwist_1"
bind/47/bone = -1
bind/47/pose = Transform( 0.000142732, -0.999942, 0.00877666, 0.00994558, 0.00877471, 0.999912, -0.999949, -6.71147e-05, 0.00994562, -6.12726, -6.65324, 6.22813 )
bind/48/name = "l_armtwist_2"
bind/48/bone = -1
bind/48/pose = Transform( 0.000142836, -0.999942, 0.00877664, 0.00994558, 0.00877469, 0.999912, -0.999949, -6.72193e-05, 0.00994562, -6.14397, -10.5319, 6.20919 )
bind/49/name = "l_armtwist_3"
bind/49/bone = -1
bind/49/pose = Transform( -0.000319793, -0.999942, 0.00878129, 0.00994088, 0.00877475, 0.999912, -0.999949, 0.000395367, 0.00993687, -6.14109, -12.3583, 6.21209 )
bind/50/name = "l_armtwist_4"
bind/50/bone = -1
bind/50/pose = Transform( 0.000265924, -0.999942, 0.00877087, 0.00994099, 0.00877015, 0.999912, -0.999949, -0.000190391, 0.00994212, -6.14464, -13.9786, 6.2085 )
bind/51/name = "watch"
bind/51/bone = -1
bind/51/pose = Transform( 5.70973e-05, -0.999945, 0.00838667, 0.00998371, 0.0083839, 0.999915, -0.999948, 1.49519e-05, 0.00998301, -6.13215, -15.0453, 6.21521 )
