[gd_scene format=2]

[node name="Viewmodel Hands Skeleton" type="Skeleton"]
transform = Transform( -0.01, 0, -3.25841e-09, 0, 0.01, 0, 3.25841e-09, 0, -0.01, 0, 0, 0 )
bones/0/name = "r_ik"
bones/0/parent = -1
bones/0/rest = Transform( 4.22001e-05, 0, -1, -1, 0, -4.22001e-05, 0, 1, 0, -6.36778, -6.00414, 15.6449 )
bones/0/enabled = true
bones/0/bound_children = [  ]
bones/1/name = "l_ik"
bones/1/parent = -1
bones/1/rest = Transform( -2.6226e-05, 0, -1, -1, 0, 2.6226e-05, 0, 1, 0, 6.36778, -6.00414, 15.6449 )
bones/1/enabled = true
bones/1/bound_children = [  ]
bones/2/name = "root"
bones/2/parent = -1
bones/2/rest = Transform( -1, -4.26326e-14, -4.76837e-07, -4.76837e-07, 0, 1, -4.26326e-14, 1, 0, 0, 0, 0 )
bones/2/enabled = true
bones/2/bound_children = [  ]
bones/3/name = "camera_target"
bones/3/parent = 2
bones/3/rest = Transform( 1, -4.76837e-07, 1.50996e-07, 1.50996e-07, 0, -1, 4.76837e-07, 1, 0, 2.94581e-12, 34.8646, 1.19219e-07 )
bones/3/enabled = true
bones/3/bound_children = [  ]
bones/4/name = "r_pole"
bones/4/parent = 2
bones/4/rest = Transform( -1, -9.53674e-07, -8.74228e-08, -8.74228e-08, 0, 1, -9.53674e-07, 1, 0, 13.9494, 6.71784, -5.99999 )
bones/4/enabled = true
bones/4/bound_children = [  ]
bones/5/name = "l_pole"
bones/5/parent = 2
bones/5/rest = Transform( -1, -9.53674e-07, -8.74228e-08, -8.74228e-08, 0, 1, -9.53674e-07, 1, 0, -13.9494, 6.71784, -6.00001 )
bones/5/enabled = true
bones/5/bound_children = [  ]
bones/6/name = "camera_controller"
bones/6/parent = 2
bones/6/rest = Transform( 1, -8.74228e-08, -4.76837e-07, 8.74228e-08, 1, -2.84153e-13, 4.76837e-07, 2.42466e-13, 1, 0, 0, 1.19209e-07 )
bones/6/enabled = true
bones/6/bound_children = [  ]
bones/7/name = "r_upperarm"
bones/7/parent = -1
bones/7/rest = Transform( 0.00670455, -0.0641322, -0.997924, -0.999858, -0.0192808, -0.00547779, -0.0188904, 0.997756, -0.0642489, -5.74924, -5.90552, -1.83384 )
bones/7/enabled = true
bones/7/bound_children = [  ]
bones/8/name = "r_forearm"
bones/8/parent = 7
bones/8/rest = Transform( 0.999648, -0.0262425, -0.00372853, 0.0264105, 0.998076, 0.0560976, 0.00224921, -0.0561764, 0.998418, -1.35531e-07, 8.49741, 8.59618e-08 )
bones/8/enabled = true
bones/8/bound_children = [  ]
bones/9/name = "r_wrist"
bones/9/parent = 8
bones/9/rest = Transform( 0.999969, 0.00729593, -0.00272045, -0.00727354, 0.99994, 0.00815022, 0.00277975, -0.00813018, 0.999963, 4.03091e-07, 9.00096, 3.19692e-07 )
bones/9/enabled = true
bones/9/bound_children = [  ]
bones/10/name = "r_middle_low"
bones/10/parent = 9
bones/10/rest = Transform( 0.996872, -0.0790049, -0.00197553, 0.0783355, 0.984503, 0.1569, -0.0104509, -0.156564, 0.987613, -0.255026, 3.05931, -0.0394034 )
bones/10/enabled = true
bones/10/bound_children = [  ]
bones/11/name = "r_middle_mid"
bones/11/parent = 10
bones/11/rest = Transform( 0.994525, 0.0826922, -0.0638963, -0.0632843, 0.963138, 0.261457, 0.0831614, -0.255982, 0.963098, 1.08568e-06, 1.05896, 1.19039e-06 )
bones/11/enabled = true
bones/11/bound_children = [  ]
bones/12/name = "r_middle_tip"
bones/12/parent = 11
bones/12/rest = Transform( 0.999927, -0.000708661, -0.0120746, 0.00281582, 0.984492, 0.175405, 0.011763, -0.175426, 0.984422, -1.6567e-06, 0.748665, -5.98314e-07 )
bones/12/enabled = true
bones/12/bound_children = [  ]
bones/13/name = "r_ring_low"
bones/13/parent = 9
bones/13/rest = Transform( 0.992664, -0.0344725, 0.115886, 0.0121264, 0.982045, 0.188255, -0.120295, -0.185469, 0.975259, 0.367825, 2.93002, -0.0135609 )
bones/13/enabled = true
bones/13/bound_children = [  ]
bones/14/name = "r_ring_mid"
bones/14/parent = 13
bones/14/rest = Transform( 0.998174, 0.0588243, -0.0137477, -0.0521804, 0.954247, 0.294431, 0.0304383, -0.293176, 0.955574, 1.2008e-07, 1.04778, -7.41188e-08 )
bones/14/enabled = true
bones/14/bound_children = [  ]
bones/15/name = "r_ring_tip"
bones/15/parent = 14
bones/15/rest = Transform( 0.997159, 0.0753163, -0.000485782, -0.0732402, 0.971137, 0.226999, 0.0175685, -0.226319, 0.973895, 3.2204e-07, 0.703488, 4.60965e-07 )
bones/15/enabled = true
bones/15/bound_children = [  ]
bones/16/name = "r_index_low"
bones/16/parent = 9
bones/16/rest = Transform( 0.984743, -0.0695954, -0.159489, 0.078998, 0.995444, 0.0533853, 0.155047, -0.0651702, 0.985755, -0.927042, 3.02769, -0.126703 )
bones/16/enabled = true
bones/16/bound_children = [  ]
bones/17/name = "r_index_mid"
bones/17/parent = 16
bones/17/rest = Transform( 0.999097, 0.0414557, 0.00934247, -0.042155, 0.939074, 0.341121, 0.00536813, -0.341206, 0.939973, -4.56337e-07, 1.04886, 6.80468e-07 )
bones/17/enabled = true
bones/17/bound_children = [  ]
bones/18/name = "r_index_tip"
bones/18/parent = 17
bones/18/rest = Transform( 0.999848, 0.0106464, -0.0138082, -0.0101269, 0.999258, 0.0371619, 0.0141936, -0.0370165, 0.999214, 1.43632e-06, 0.597884, -1.69573e-06 )
bones/18/enabled = true
bones/18/bound_children = [  ]
bones/19/name = "r_pinky_low"
bones/19/parent = 9
bones/19/rest = Transform( 0.987676, 0.0213791, 0.155044, -0.0608337, 0.965174, 0.254439, -0.144205, -0.260736, 0.954579, 0.943774, 2.76002, -0.0668146 )
bones/19/enabled = true
bones/19/bound_children = [  ]
bones/20/name = "r_pinky_mid"
bones/20/parent = 19
bones/20/rest = Transform( -0.998298, 0.0192314, 0.0550634, 0.0110646, 0.989377, -0.144948, -0.057266, -0.144092, -0.987906, -1.78814e-07, 0.741667, 0 )
bones/20/enabled = true
bones/20/bound_children = [  ]
bones/21/name = "r_pinky_tip"
bones/21/parent = 20
bones/21/rest = Transform( -0.995648, -0.0527031, -0.0768663, -0.0755153, 0.939565, 0.33394, 0.0546212, 0.338291, -0.939455, 1.11314e-07, 0.549337, 5.27436e-07 )
bones/21/enabled = true
bones/21/bound_children = [  ]
bones/22/name = "r_thumb_low"
bones/22/parent = 9
bones/22/rest = Transform( 0.694847, -0.543372, -0.4711, 0.712161, 0.611053, 0.345603, 0.100076, -0.57564, 0.811556, -1.02569, 1.03883, -0.69806 )
bones/22/enabled = true
bones/22/bound_children = [  ]
bones/23/name = "r_thumb_mid"
bones/23/parent = 22
bones/23/rest = Transform( 0.870033, 0.463898, 0.166855, -0.416272, 0.872607, -0.255489, -0.26412, 0.152827, 0.952305, 1.8188e-06, 0.958817, 7.22846e-07 )
bones/23/enabled = true
bones/23/bound_children = [  ]
bones/24/name = "r_thumb_tip"
bones/24/parent = 23
bones/24/rest = Transform( 0.988864, 0.147059, -0.0228626, -0.147023, 0.989128, 0.00322913, 0.0230889, 0.00016817, 0.999734, -2.18035e-08, 0.944538, 1.13223e-06 )
bones/24/enabled = true
bones/24/bound_children = [  ]
bones/25/name = "r_armtwist_1"
bones/25/parent = 8
bones/25/rest = Transform( 0.999998, -0.00163607, 0.00126939, 0.00163843, 0.999997, -0.00185512, -0.00126635, 0.00185719, 0.999998, 1.27312e-06, 1.01033e-06, -2.7033e-06 )
bones/25/enabled = true
bones/25/bound_children = [  ]
bones/26/name = "r_armtwist_2"
bones/26/parent = 25
bones/26/rest = Transform( 0.999999, 1.9011e-08, -0.00121078, -1.9034e-08, 0.999999, -1.89335e-08, 0.00121078, 1.89565e-08, 0.999999, 0.016701, 3.8787, -0.0189561 )
bones/26/enabled = true
bones/26/bound_children = [  ]
bones/27/name = "r_armtwist_3"
bones/27/parent = 25
bones/27/rest = Transform( 0.999997, -3.84512e-08, -0.00196586, 4.76404e-08, 0.999997, 4.67431e-06, 0.00196586, -4.67439e-06, 0.999996, 0.0166842, 5.70513, -0.0189518 )
bones/27/enabled = true
bones/27/bound_children = [  ]
bones/28/name = "r_armtwist_4"
bones/28/parent = 25
bones/28/rest = Transform( 0.999992, 4.67672e-06, -0.0037935, -4.65908e-06, 0.999999, 4.66029e-06, 0.0037935, -4.64257e-06, 0.999992, 0.0166677, 7.32536, -0.0189513 )
bones/28/enabled = true
bones/28/bound_children = [  ]
bones/29/name = "l_upperarm"
bones/29/parent = -1
bones/29/rest = Transform( -0.00670413, 0.0641544, -0.997923, -0.999856, -0.0193822, 0.00547036, -0.018992, 0.997752, 0.0642717, 5.74924, -5.90552, -1.83384 )
bones/29/enabled = true
bones/29/bound_children = [  ]
bones/30/name = "l_forearm"
bones/30/parent = 29
bones/30/rest = Transform( 0.999648, -0.0264334, -0.0023015, 0.0262625, 0.998075, -0.0561846, 0.00378222, 0.0561044, 0.998418, 1.48332e-06, 8.49741, 5.43611e-07 )
bones/30/enabled = true
bones/30/bound_children = [  ]
bones/31/name = "l_wrist"
bones/31/parent = 30
bones/31/rest = Transform( 0.999934, 0.00743366, 0.00877181, -0.00736187, 0.999939, -0.00818721, -0.00883213, 0.00812209, 0.999928, 9.86536e-07, 9.00095, -5.66894e-07 )
bones/31/enabled = true
bones/31/bound_children = [  ]
bones/32/name = "l_middle_low"
bones/32/parent = 31
bones/32/rest = Transform( 0.996605, -0.0790055, 0.0231518, 0.0816515, 0.984503, -0.1552, -0.0105314, 0.156563, 0.987612, -0.255027, 3.05931, 0.039403 )
bones/32/enabled = true
bones/32/bound_children = [  ]
bones/33/name = "l_middle_mid"
bones/33/parent = 32
bones/33/rest = Transform( 0.989025, 0.0772346, 0.125951, -0.0413628, 0.963138, -0.265808, -0.141838, 0.257681, 0.955763, -8.28631e-08, 1.05896, -1.0903e-06 )
bones/33/enabled = true
bones/33/bound_children = [  ]
bones/34/name = "l_middle_tip"
bones/34/parent = 33
bones/34/rest = Transform( 0.999487, -0.0152681, -0.0281386, 0.0101084, 0.984492, -0.175136, 0.0303763, 0.174762, 0.984142, 1.1673e-06, 0.748666, 1.43905e-06 )
bones/34/enabled = true
bones/34/bound_children = [  ]
bones/35/name = "l_ring_low"
bones/35/parent = 31
bones/35/rest = Transform( 0.991061, -0.0344732, 0.12888, 0.0575232, 0.982045, -0.179661, -0.120373, 0.185468, 0.97525, 0.367824, 2.93002, 0.0135642 )
bones/35/enabled = true
bones/35/bound_children = [  ]
bones/36/name = "l_ring_mid"
bones/36/parent = 35
bones/36/rest = Transform( 0.999195, -0.0142045, -0.0375093, 0.00234083, 0.954247, -0.29901, 0.0400404, 0.298681, 0.953513, -1.82314e-06, 1.04778, 1.04997e-06 )
bones/36/enabled = true
bones/36/bound_children = [  ]
bones/37/name = "l_ring_tip"
bones/37/parent = 36
bones/37/rest = Transform( 0.999421, 0.0328172, -0.00895107, -0.034003, 0.971137, -0.236086, 0.00094502, 0.236254, 0.971691, -3.58847e-07, 0.703488, -2.85365e-07 )
bones/37/enabled = true
bones/37/bound_children = [  ]
bones/38/name = "l_index_low"
bones/38/parent = 31
bones/38/rest = Transform( 0.991498, -0.0695958, 0.10995, 0.0762243, 0.995444, -0.0572761, -0.105463, 0.0651699, 0.992285, -0.927043, 3.02769, 0.126698 )
bones/38/enabled = true
bones/38/bound_children = [  ]
bones/39/name = "l_index_mid"
bones/39/parent = 38
bones/39/rest = Transform( 0.997807, 0.0584981, 0.0309596, -0.0444797, 0.939074, -0.340825, -0.049011, 0.338701, 0.939617, 8.33419e-07, 1.04886, 3.62344e-08 )
bones/39/enabled = true
bones/39/bound_children = [  ]
bones/40/name = "l_index_tip"
bones/40/parent = 39
bones/40/rest = Transform( 0.999504, 0.0108985, -0.0295396, -0.0119777, 0.999258, -0.0366073, 0.0291187, 0.036943, 0.998893, -7.38392e-09, 0.597887, 3.67431e-07 )
bones/40/enabled = true
bones/40/bound_children = [  ]
bones/41/name = "l_pinky_low"
bones/41/parent = 31
bones/41/rest = Transform( 0.989389, 0.0213781, 0.143707, 0.0170626, 0.965173, -0.261054, -0.144283, 0.260736, 0.954567, 0.943775, 2.76002, 0.0668191 )
bones/41/enabled = true
bones/41/bound_children = [  ]
bones/42/name = "l_pinky_mid"
bones/42/parent = 41
bones/42/rest = Transform( -0.998249, -0.0242025, 0.0528916, -0.0163319, 0.989376, 0.144449, -0.0558229, 0.143341, -0.988091, 8.9042e-07, 0.741668, 1.10367e-06 )
bones/42/enabled = true
bones/42/bound_children = [  ]
bones/43/name = "l_pinky_tip"
bones/43/parent = 42
bones/43/rest = Transform( -0.999202, 0.0117188, -0.0381603, 0.0240624, 0.939564, -0.341525, 0.0318517, -0.342171, -0.939099, -4.22396e-07, 0.549339, 1.53636e-06 )
bones/43/enabled = true
bones/43/bound_children = [  ]
bones/44/name = "l_thumb_low"
bones/44/parent = 31
bones/44/rest = Transform( 0.634957, -0.543374, 0.549158, 0.747705, 0.611053, -0.259907, -0.194338, 0.575638, 0.794275, -1.02569, 1.03883, 0.698057 )
bones/44/enabled = true
bones/44/bound_children = [  ]
bones/45/name = "l_thumb_mid"
bones/45/parent = 44
bones/45/rest = Transform( -0.861709, 0.478593, 0.168541, 0.445473, 0.872606, -0.200278, -0.242921, -0.0975014, -0.965133, 1.29863e-06, 0.958816, 2.31668e-07 )
bones/45/enabled = true
bones/45/bound_children = [  ]
bones/46/name = "l_thumb_tip"
bones/46/parent = 45
bones/46/rest = Transform( -0.988173, -0.145878, 0.0472556, -0.146584, 0.989128, -0.0118131, -0.0450186, -0.0186003, -0.998813, -1.39932e-06, 0.944535, -1.44404e-07 )
bones/46/enabled = true
bones/46/bound_children = [  ]
bones/47/name = "l_armtwist_1"
bones/47/parent = 30
bones/47/rest = Transform( 0.999998, -0.00164141, 0.000773913, 0.00163997, 0.999997, 0.00185397, -0.000776954, -0.0018527, 0.999998, 1.1356e-06, -3.16944e-06, 1.5358e-06 )
bones/47/enabled = true
bones/47/bound_children = [  ]
bones/48/name = "l_armtwist_2"
bones/48/parent = 47
bones/48/rest = Transform( 0.999995, -4.09125e-08, 0.00203422, 4.07318e-08, 0.999994, 8.89301e-08, -0.00203422, -8.88468e-08, 0.999995, 0.0167152, 3.8787, 0.0189444 )
bones/48/enabled = true
bones/48/bound_children = [  ]
bones/49/name = "l_armtwist_3"
bones/49/parent = 47
bones/49/rest = Transform( 0.999989, -1.13962e-07, 0.00360544, 1.30468e-07, 0.999992, -4.57752e-06, -0.00360544, 4.57794e-06, 0.999989, 0.0166993, 5.70513, 0.0189402 )
bones/49/enabled = true
bones/49/bound_children = [  ]
bones/50/name = "l_armtwist_4"
bones/50/parent = 47
bones/50/rest = Transform( 0.999977, 4.49366e-06, 0.00622526, -4.46566e-06, 0.999994, -4.51444e-06, -0.00622526, 4.48654e-06, 0.999977, 0.0166822, 7.32536, 0.0189387 )
bones/50/enabled = true
bones/50/bound_children = [  ]
bones/51/name = "watch"
bones/51/parent = 50
bones/51/rest = Transform( 1, 0.000386274, -0.00020498, -0.000386265, 1, 4.26969e-05, 0.000204997, -4.26177e-05, 1, -0.00540836, 1.06408, -0.00609616 )
bones/51/enabled = true
bones/51/bound_children = [  ]
